# Made in Blockbench 4.0.1
mtllib vein_miner_mk3_2.mtl

o hexadecagon
v 0.5298494156391087 6.6875 0.35403406084407574
v -0.3540340608440758 6.6875 -0.5298494156391086
v 0.35403406084407585 6.6875 0.5298494156391086
v -0.5298494156391086 6.6875 -0.35403406084407574
v -0.3540340608440759 7 -0.5298494156391086
v 0.5298494156391085 7 0.35403406084407574
v -0.5298494156391087 7 -0.35403406084407574
v 0.3540340608440757 7 0.5298494156391086
vt 0.365234375 0.818359375
vt 0.3701171875 0.818359375
vt 0.3701171875 0.8154296875
vt 0.365234375 0.8154296875
vt 0.345703125 0.818359375
vt 0.365234375 0.818359375
vt 0.365234375 0.8154296875
vt 0.345703125 0.8154296875
vt 0.3896484375 0.818359375
vt 0.39453125 0.818359375
vt 0.39453125 0.8154296875
vt 0.3896484375 0.8154296875
vt 0.3701171875 0.818359375
vt 0.3896484375 0.818359375
vt 0.3896484375 0.8154296875
vt 0.3701171875 0.8154296875
vt 0.3701171875 0.818359375
vt 0.365234375 0.818359375
vt 0.365234375 0.837890625
vt 0.3701171875 0.837890625
vt 0.375 0.837890625
vt 0.3701171875 0.837890625
vt 0.3701171875 0.818359375
vt 0.375 0.818359375
vn -0.7071067811865476 -3.1401849173675503e-16 -0.7071067811865475
vn 4.440892098500626e-16 -1 0
vn 0.7071067811865476 3.1401849173675503e-16 0.7071067811865475
vn -4.440892098500626e-16 1 0
vn 0.7071067811865475 3.14018491736755e-16 -0.7071067811865476
vn -0.7071067811865475 -3.14018491736755e-16 0.7071067811865476
usemtl m_0
f 4/4/1 7/3/1 5/2/1 2/1/1
f 3/8/2 4/7/2 2/6/2 1/5/2
f 8/12/3 3/11/3 1/10/3 6/9/3
f 7/16/4 8/15/4 6/14/4 5/13/4
f 6/20/5 1/19/5 2/18/5 5/17/5
f 7/24/6 4/23/6 3/22/6 8/21/6
o hexadecagon
v 0.3540340608440762 6.6875 0.5298494156391084
v -0.12432022961228596 6.6875 -0.6250000000000001
v 0.12432022961228602 6.6875 0.6250000000000001
v -0.3540340608440761 6.6875 -0.5298494156391084
v -0.1243202296122861 7 -0.6250000000000001
v 0.354034060844076 7 0.5298494156391084
v -0.35403406084407624 7 -0.5298494156391084
v 0.12432022961228588 7 0.6250000000000001
vt 0.365234375 0.8408203125
vt 0.3701171875 0.8408203125
vt 0.3701171875 0.837890625
vt 0.365234375 0.837890625
vt 0.345703125 0.8408203125
vt 0.365234375 0.8408203125
vt 0.365234375 0.837890625
vt 0.345703125 0.837890625
vt 0.3896484375 0.8408203125
vt 0.39453125 0.8408203125
vt 0.39453125 0.837890625
vt 0.3896484375 0.837890625
vt 0.3701171875 0.8408203125
vt 0.3896484375 0.8408203125
vt 0.3896484375 0.837890625
vt 0.3701171875 0.837890625
vt 0.3701171875 0.8408203125
vt 0.365234375 0.8408203125
vt 0.365234375 0.8603515625
vt 0.3701171875 0.8603515625
vt 0.375 0.8603515625
vt 0.3701171875 0.8603515625
vt 0.3701171875 0.8408203125
vt 0.375 0.8408203125
vn -0.3826834323650897 -1.6994558310172258e-16 -0.9238795325112867
vn 4.440892098500626e-16 -1 0
vn 0.3826834323650897 1.6994558310172258e-16 0.9238795325112867
vn -4.440892098500626e-16 1 0
vn 0.9238795325112867 4.1028493158958256e-16 -0.3826834323650897
vn -0.9238795325112867 -4.1028493158958256e-16 0.3826834323650897
usemtl m_0
f 12/28/7 15/27/7 13/26/7 10/25/7
f 11/32/8 12/31/8 10/30/8 9/29/8
f 16/36/9 11/35/9 9/34/9 14/33/9
f 15/40/10 16/39/10 14/38/10 13/37/10
f 14/44/11 9/43/11 10/42/11 13/41/11
f 15/48/12 12/47/12 11/46/12 16/45/12
o hexadecagon
v 0.12432022961228653 6.6875 0.625
v 0.12432022961228653 6.6875 -0.625
v -0.12432022961228648 6.6875 0.625
v -0.12432022961228648 6.6875 -0.625
v 0.12432022961228639 7 -0.625
v 0.12432022961228639 7 0.625
v -0.12432022961228661 7 -0.625
v -0.12432022961228661 7 0.625
vt 0.01953125 0.6357421875
vt 0.0244140625 0.6357421875
vt 0.0244140625 0.6328125
vt 0.01953125 0.6328125
vt 0 0.6357421875
vt 0.01953125 0.6357421875
vt 0.01953125 0.6328125
vt 0 0.6328125
vt 0.0439453125 0.6357421875
vt 0.048828125 0.6357421875
vt 0.048828125 0.6328125
vt 0.0439453125 0.6328125
vt 0.0244140625 0.6357421875
vt 0.0439453125 0.6357421875
vt 0.0439453125 0.6328125
vt 0.0244140625 0.6328125
vt 0.0244140625 0.6357421875
vt 0.01953125 0.6357421875
vt 0.01953125 0.6552734375
vt 0.0244140625 0.6552734375
vt 0.029296875 0.6552734375
vt 0.0244140625 0.6552734375
vt 0.0244140625 0.6357421875
vt 0.029296875 0.6357421875
vn 0 0 -1
vn 4.440892098500626e-16 -1 0
vn 0 0 1
vn -4.440892098500626e-16 1 0
vn 1 4.440892098500626e-16 0
vn -1 -4.440892098500626e-16 0
usemtl m_0
f 20/52/13 23/51/13 21/50/13 18/49/13
f 19/56/14 20/55/14 18/54/14 17/53/14
f 24/60/15 19/59/15 17/58/15 22/57/15
f 23/64/16 24/63/16 22/62/16 21/61/16
f 22/68/17 17/67/17 18/66/17 21/65/17
f 23/72/18 20/71/18 19/70/18 24/69/18
o hexadecagon
v -0.12432022961228596 6.6875 0.6250000000000001
v 0.3540340608440762 6.6875 -0.5298494156391084
v -0.3540340608440761 6.6875 0.5298494156391084
v 0.12432022961228602 6.6875 -0.6250000000000001
v 0.354034060844076 7 -0.5298494156391084
v -0.1243202296122861 7 0.6250000000000001
v 0.12432022961228588 7 -0.6250000000000001
v -0.35403406084407624 7 0.5298494156391084
vt 0.2734375 0.818359375
vt 0.2783203125 0.818359375
vt 0.2783203125 0.8154296875
vt 0.2734375 0.8154296875
vt 0.25390625 0.818359375
vt 0.2734375 0.818359375
vt 0.2734375 0.8154296875
vt 0.25390625 0.8154296875
vt 0.2978515625 0.818359375
vt 0.302734375 0.818359375
vt 0.302734375 0.8154296875
vt 0.2978515625 0.8154296875
vt 0.2783203125 0.818359375
vt 0.2978515625 0.818359375
vt 0.2978515625 0.8154296875
vt 0.2783203125 0.8154296875
vt 0.2783203125 0.818359375
vt 0.2734375 0.818359375
vt 0.2734375 0.837890625
vt 0.2783203125 0.837890625
vt 0.283203125 0.837890625
vt 0.2783203125 0.837890625
vt 0.2783203125 0.818359375
vt 0.283203125 0.818359375
vn 0.3826834323650897 1.6994558310172258e-16 -0.9238795325112867
vn 4.440892098500626e-16 -1 0
vn -0.3826834323650897 -1.6994558310172258e-16 0.9238795325112867
vn -4.440892098500626e-16 1 0
vn 0.9238795325112867 4.1028493158958256e-16 0.3826834323650897
vn -0.9238795325112867 -4.1028493158958256e-16 -0.3826834323650897
usemtl m_0
f 28/76/19 31/75/19 29/74/19 26/73/19
f 27/80/20 28/79/20 26/78/20 25/77/20
f 32/84/21 27/83/21 25/82/21 30/81/21
f 31/88/22 32/87/22 30/86/22 29/85/22
f 30/92/23 25/91/23 26/90/23 29/89/23
f 31/96/24 28/95/24 27/94/24 32/93/24
o hexadecagon
v -0.3540340608440758 6.6875 0.5298494156391086
v 0.5298494156391087 6.6875 -0.35403406084407574
v -0.5298494156391086 6.6875 0.35403406084407574
v 0.35403406084407585 6.6875 -0.5298494156391086
v 0.5298494156391085 7 -0.35403406084407574
v -0.3540340608440759 7 0.5298494156391086
v 0.3540340608440757 7 -0.5298494156391086
v -0.5298494156391087 7 0.35403406084407574
vt 0.2734375 0.8408203125
vt 0.2783203125 0.8408203125
vt 0.2783203125 0.837890625
vt 0.2734375 0.837890625
vt 0.25390625 0.8408203125
vt 0.2734375 0.8408203125
vt 0.2734375 0.837890625
vt 0.25390625 0.837890625
vt 0.2978515625 0.8408203125
vt 0.302734375 0.8408203125
vt 0.302734375 0.837890625
vt 0.2978515625 0.837890625
vt 0.2783203125 0.8408203125
vt 0.2978515625 0.8408203125
vt 0.2978515625 0.837890625
vt 0.2783203125 0.837890625
vt 0.2783203125 0.8408203125
vt 0.2734375 0.8408203125
vt 0.2734375 0.8603515625
vt 0.2783203125 0.8603515625
vt 0.283203125 0.8603515625
vt 0.2783203125 0.8603515625
vt 0.2783203125 0.8408203125
vt 0.283203125 0.8408203125
vn 0.7071067811865476 3.1401849173675503e-16 -0.7071067811865475
vn 4.440892098500626e-16 -1 0
vn -0.7071067811865476 -3.1401849173675503e-16 0.7071067811865475
vn -4.440892098500626e-16 1 0
vn 0.7071067811865475 3.14018491736755e-16 0.7071067811865476
vn -0.7071067811865475 -3.14018491736755e-16 -0.7071067811865476
usemtl m_0
f 36/100/25 39/99/25 37/98/25 34/97/25
f 35/104/26 36/103/26 34/102/26 33/101/26
f 40/108/27 35/107/27 33/106/27 38/105/27
f 39/112/28 40/111/28 38/110/28 37/109/28
f 38/116/29 33/115/29 34/114/29 37/113/29
f 39/120/30 36/119/30 35/118/30 40/117/30
o hexadecagon
v 0.625 6.6875 -0.12432022961228621
v 0.5298494156391085 6.6875 -0.3540340608440759
v -0.5298494156391085 6.6875 0.3540340608440759
v -0.625 6.6875 0.12432022961228621
v 0.5298494156391084 7 -0.3540340608440759
v 0.6249999999999999 7 -0.12432022961228621
v -0.6250000000000001 7 0.12432022961228621
v -0.5298494156391086 7 0.3540340608440759
vt 0.1337890625 0.76171875
vt 0.138671875 0.76171875
vt 0.138671875 0.7421875
vt 0.1337890625 0.7421875
vt 0.130859375 0.76171875
vt 0.1337890625 0.76171875
vt 0.1337890625 0.7421875
vt 0.130859375 0.7421875
vt 0.1416015625 0.76171875
vt 0.146484375 0.76171875
vt 0.146484375 0.7421875
vt 0.1416015625 0.7421875
vt 0.138671875 0.76171875
vt 0.1416015625 0.76171875
vt 0.1416015625 0.7421875
vt 0.138671875 0.7421875
vt 0.138671875 0.76171875
vt 0.1337890625 0.76171875
vt 0.1337890625 0.7646484375
vt 0.138671875 0.7646484375
vt 0.1435546875 0.7646484375
vt 0.138671875 0.7646484375
vt 0.138671875 0.76171875
vt 0.1435546875 0.76171875
vn -0.3826834323650897 -1.6994558310172258e-16 -0.9238795325112867
vn 4.440892098500626e-16 -1 0
vn 0.3826834323650897 1.6994558310172258e-16 0.9238795325112867
vn -4.440892098500626e-16 1 0
vn 0.9238795325112867 4.1028493158958256e-16 -0.3826834323650897
vn -0.9238795325112867 -4.1028493158958256e-16 0.3826834323650897
usemtl m_0
f 44/124/31 47/123/31 45/122/31 42/121/31
f 43/128/32 44/127/32 42/126/32 41/125/32
f 48/132/33 43/131/33 41/130/33 46/129/33
f 47/136/34 48/135/34 46/134/34 45/133/34
f 46/140/35 41/139/35 42/138/35 45/137/35
f 47/144/36 44/143/36 43/142/36 48/141/36
o hexadecagon
v 0.625 6.6875 0.12432022961228625
v 0.625 6.6875 -0.12432022961228625
v -0.625 6.6875 0.12432022961228625
v -0.625 6.6875 -0.12432022961228625
v 0.6249999999999999 7 -0.12432022961228625
v 0.6249999999999999 7 0.12432022961228625
v -0.6250000000000001 7 -0.12432022961228625
v -0.6250000000000001 7 0.12432022961228625
vt 0.2216796875 0.8232421875
vt 0.2265625 0.8232421875
vt 0.2265625 0.8037109375
vt 0.2216796875 0.8037109375
vt 0.21875 0.8232421875
vt 0.2216796875 0.8232421875
vt 0.2216796875 0.8037109375
vt 0.21875 0.8037109375
vt 0.2294921875 0.8232421875
vt 0.234375 0.8232421875
vt 0.234375 0.8037109375
vt 0.2294921875 0.8037109375
vt 0.2265625 0.8232421875
vt 0.2294921875 0.8232421875
vt 0.2294921875 0.8037109375
vt 0.2265625 0.8037109375
vt 0.2265625 0.8232421875
vt 0.2216796875 0.8232421875
vt 0.2216796875 0.826171875
vt 0.2265625 0.826171875
vt 0.2314453125 0.826171875
vt 0.2265625 0.826171875
vt 0.2265625 0.8232421875
vt 0.2314453125 0.8232421875
vn 0 0 -1
vn 4.440892098500626e-16 -1 0
vn 0 0 1
vn -4.440892098500626e-16 1 0
vn 1 4.440892098500626e-16 0
vn -1 -4.440892098500626e-16 0
usemtl m_0
f 52/148/37 55/147/37 53/146/37 50/145/37
f 51/152/38 52/151/38 50/150/38 49/149/38
f 56/156/39 51/155/39 49/154/39 54/153/39
f 55/160/40 56/159/40 54/158/40 53/157/40
f 54/164/41 49/163/41 50/162/41 53/161/41
f 55/168/42 52/167/42 51/166/42 56/165/42
o hexadecagon
v 0.5298494156391085 6.6875 0.3540340608440759
v 0.625 6.6875 0.12432022961228621
v -0.625 6.6875 -0.12432022961228621
v -0.5298494156391085 6.6875 -0.3540340608440759
v 0.6249999999999999 7 0.12432022961228621
v 0.5298494156391084 7 0.3540340608440759
v -0.5298494156391086 7 -0.3540340608440759
v -0.6250000000000001 7 -0.12432022961228621
vt 0.2216796875 0.8564453125
vt 0.2265625 0.8564453125
vt 0.2265625 0.8369140625
vt 0.2216796875 0.8369140625
vt 0.21875 0.8564453125
vt 0.2216796875 0.8564453125
vt 0.2216796875 0.8369140625
vt 0.21875 0.8369140625
vt 0.2294921875 0.8564453125
vt 0.234375 0.8564453125
vt 0.234375 0.8369140625
vt 0.2294921875 0.8369140625
vt 0.2265625 0.8564453125
vt 0.2294921875 0.8564453125
vt 0.2294921875 0.8369140625
vt 0.2265625 0.8369140625
vt 0.2265625 0.8564453125
vt 0.2216796875 0.8564453125
vt 0.2216796875 0.859375
vt 0.2265625 0.859375
vt 0.2314453125 0.859375
vt 0.2265625 0.859375
vt 0.2265625 0.8564453125
vt 0.2314453125 0.8564453125
vn 0.3826834323650897 1.6994558310172258e-16 -0.9238795325112867
vn 4.440892098500626e-16 -1 0
vn -0.3826834323650897 -1.6994558310172258e-16 0.9238795325112867
vn -4.440892098500626e-16 1 0
vn 0.9238795325112867 4.1028493158958256e-16 0.3826834323650897
vn -0.9238795325112867 -4.1028493158958256e-16 -0.3826834323650897
usemtl m_0
f 60/172/43 63/171/43 61/170/43 58/169/43
f 59/176/44 60/175/44 58/174/44 57/173/44
f 64/180/45 59/179/45 57/178/45 62/177/45
f 63/184/46 64/183/46 62/182/46 61/181/46
f 62/188/47 57/187/47 58/186/47 61/185/47
f 63/192/48 60/191/48 59/190/48 64/189/48
o hexadecagon
v 0.7173494156391089 6.672334957055045 -0.541534060844076
v 0.5415340608440764 6.672334957055045 -0.7173494156391084
v 0.6860994156391095 6.6281407832308865 -0.5102840608440764
v 0.510284060844077 6.6281407832308865 -0.6860994156391088
v 0.3540340608440767 6.9375 -0.5298494156391086
v 0.5298494156391093 6.9375 -0.35403406084407607
v 0.3227840608440772 6.893305826175841 -0.49859941563910903
v 0.4985994156391097 6.893305826175841 -0.32278406084407657
vt 0.1025390625 0.689453125
vt 0.1083984375 0.689453125
vt 0.1083984375 0.6884765625
vt 0.1025390625 0.6884765625
vt 0.099609375 0.689453125
vt 0.1025390625 0.689453125
vt 0.1025390625 0.6884765625
vt 0.099609375 0.6884765625
vt 0.111328125 0.689453125
vt 0.1171875 0.689453125
vt 0.1171875 0.6884765625
vt 0.111328125 0.6884765625
vt 0.1083984375 0.689453125
vt 0.111328125 0.689453125
vt 0.111328125 0.6884765625
vt 0.1083984375 0.6884765625
vt 0.1083984375 0.689453125
vt 0.1025390625 0.689453125
vt 0.1025390625 0.6923828125
vt 0.1083984375 0.6923828125
vt 0.1142578125 0.6923828125
vt 0.1083984375 0.6923828125
vt 0.1083984375 0.689453125
vt 0.1142578125 0.689453125
vn -0.7071067811865476 5.551115123125784e-17 -0.7071067811865476
vn 0.5000000000000003 -0.7071067811865471 -0.5000000000000004
vn 0.7071067811865476 -5.551115123125784e-17 0.7071067811865476
vn -0.5000000000000003 0.7071067811865471 0.5000000000000004
vn 0.49999999999999967 0.707106781186548 -0.49999999999999983
vn -0.49999999999999967 -0.707106781186548 0.49999999999999983
usemtl m_0
f 68/196/49 71/195/49 69/194/49 66/193/49
f 67/200/50 68/199/50 66/198/50 65/197/50
f 72/204/51 67/203/51 65/202/51 70/201/51
f 71/208/52 72/207/52 70/206/52 69/205/52
f 70/212/53 65/211/53 66/210/53 69/209/53
f 71/216/54 68/215/54 67/214/54 72/213/54
o hexadecagon
v 0.4555083296214887 6.672334957055045 -0.7748299715534293
v 0.2257944983896989 6.672334957055045 -0.8699805559143208
v 0.43859595149192027 6.6281407832308865 -0.733999878901043
v 0.20888212026013048 6.6281407832308865 -0.8291504632619346
v 0.12432022961228711 6.9375 -0.6250000000000004
v 0.3540340608440769 6.9375 -0.5298494156391089
v 0.1074078514827187 6.893305826175841 -0.5841699073476143
v 0.3371216827145085 6.893305826175841 -0.48901932298672274
vt 0.078125 0.697265625
vt 0.083984375 0.697265625
vt 0.083984375 0.6962890625
vt 0.078125 0.6962890625
vt 0.0751953125 0.697265625
vt 0.078125 0.697265625
vt 0.078125 0.6962890625
vt 0.0751953125 0.6962890625
vt 0.0869140625 0.697265625
vt 0.0927734375 0.697265625
vt 0.0927734375 0.6962890625
vt 0.0869140625 0.6962890625
vt 0.083984375 0.697265625
vt 0.0869140625 0.697265625
vt 0.0869140625 0.6962890625
vt 0.083984375 0.6962890625
vt 0.083984375 0.697265625
vt 0.078125 0.697265625
vt 0.078125 0.7001953125
vt 0.083984375 0.7001953125
vt 0.08984375 0.7001953125
vt 0.083984375 0.7001953125
vt 0.083984375 0.697265625
vt 0.08984375 0.697265625
vn -0.9238795325112868 2.7755575615628914e-17 -0.3826834323650897
vn 0.27059805007309845 -0.7071067811865471 -0.6532814824381886
vn 0.9238795325112868 -2.7755575615628914e-17 0.3826834323650897
vn -0.27059805007309845 0.7071067811865471 0.6532814824381886
vn 0.27059805007309845 0.7071067811865479 -0.6532814824381881
vn -0.27059805007309845 -0.7071067811865479 0.6532814824381881
usemtl m_0
f 76/220/55 79/219/55 77/218/55 74/217/55
f 75/224/56 76/223/56 74/222/56 73/221/56
f 80/228/57 75/227/57 73/226/57 78/225/57
f 79/232/58 80/231/58 78/230/58 77/229/58
f 78/236/59 73/235/59 74/234/59 77/233/59
f 79/240/60 76/239/60 75/238/60 80/237/60
o hexadecagon
v 0.8699805559143233 6.672334957055046 -0.22579449838969937
v 0.7748299715534315 6.672334957055046 -0.4555083296214895
v 0.8291504632619366 6.628140783230887 -0.2088821202601307
v 0.7339998789010448 6.6281407832308865 -0.4385959514919208
v 0.5298494156391106 6.937500000000002 -0.3540340608440774
v 0.6250000000000023 6.937500000000002 -0.12432022961228728
v 0.48901932298672385 6.893305826175842 -0.33712168271450876
v 0.5841699073476156 6.893305826175842 -0.10740785148271861
vt 0.2998046875 0.7216796875
vt 0.3056640625 0.7216796875
vt 0.3056640625 0.720703125
vt 0.2998046875 0.720703125
vt 0.296875 0.7216796875
vt 0.2998046875 0.7216796875
vt 0.2998046875 0.720703125
vt 0.296875 0.720703125
vt 0.30859375 0.7216796875
vt 0.314453125 0.7216796875
vt 0.314453125 0.720703125
vt 0.30859375 0.720703125
vt 0.3056640625 0.7216796875
vt 0.30859375 0.7216796875
vt 0.30859375 0.720703125
vt 0.3056640625 0.720703125
vt 0.3056640625 0.7216796875
vt 0.2998046875 0.7216796875
vt 0.2998046875 0.724609375
vt 0.3056640625 0.724609375
vt 0.3115234375 0.724609375
vt 0.3056640625 0.724609375
vt 0.3056640625 0.7216796875
vt 0.3115234375 0.7216796875
vn -0.38268343236509006 -2.7755575615628914e-16 -0.9238795325112867
vn 0.6532814824381887 -0.707106781186547 -0.2705980500730986
vn 0.38268343236509006 2.7755575615628914e-16 0.9238795325112867
vn -0.6532814824381887 0.707106781186547 0.2705980500730986
vn 0.6532814824381878 0.7071067811865479 -0.2705980500730987
vn -0.6532814824381878 -0.7071067811865479 0.2705980500730987
usemtl m_0
f 84/244/61 87/243/61 85/242/61 82/241/61
f 83/248/62 84/247/62 82/246/62 81/245/62
f 88/252/63 83/251/63 81/250/63 86/249/63
f 87/256/64 88/255/64 86/254/64 85/253/64
f 86/260/65 81/259/65 82/258/65 85/257/65
f 87/264/66 84/263/66 83/262/66 88/261/66
o hexadecagon
v 0.8901650429449526 6.672334957055042 0.12432022961228628
v 0.8901650429449526 6.672334957055042 -0.12432022961228628
v 0.8459708691207933 6.628140783230883 0.12432022961228628
v 0.8459708691207933 6.628140783230883 -0.12432022961228628
v 0.6249999999999968 6.937499999999997 -0.12432022961228628
v 0.6249999999999968 6.937499999999997 0.12432022961228628
v 0.5808058261758375 6.893305826175838 -0.12432022961228628
v 0.5808058261758375 6.893305826175838 0.12432022961228628
vt 0.2998046875 0.7255859375
vt 0.3056640625 0.7255859375
vt 0.3056640625 0.724609375
vt 0.2998046875 0.724609375
vt 0.296875 0.7255859375
vt 0.2998046875 0.7255859375
vt 0.2998046875 0.724609375
vt 0.296875 0.724609375
vt 0.30859375 0.7255859375
vt 0.314453125 0.7255859375
vt 0.314453125 0.724609375
vt 0.30859375 0.724609375
vt 0.3056640625 0.7255859375
vt 0.30859375 0.7255859375
vt 0.30859375 0.724609375
vt 0.3056640625 0.724609375
vt 0.3056640625 0.7255859375
vt 0.2998046875 0.7255859375
vt 0.2998046875 0.728515625
vt 0.3056640625 0.728515625
vt 0.3115234375 0.728515625
vt 0.3056640625 0.728515625
vt 0.3056640625 0.7255859375
vt 0.3115234375 0.7255859375
vn -2.466784852060762e-17 2.0301142985921618e-17 -1
vn 0.707106781186548 -0.7071067811865471 -3.1797878837387084e-17
vn 2.466784852060762e-17 -2.0301142985921618e-17 1
vn -0.707106781186548 0.7071067811865471 3.1797878837387084e-17
vn 0.7071067811865471 0.707106781186548 -3.087727095021279e-18
vn -0.7071067811865471 -0.707106781186548 3.087727095021279e-18
usemtl m_0
f 92/268/67 95/267/67 93/266/67 90/265/67
f 91/272/68 92/271/68 90/270/68 89/269/68
f 96/276/69 91/275/69 89/274/69 94/273/69
f 95/280/70 96/279/70 94/278/70 93/277/70
f 94/284/71 89/283/71 90/282/71 93/281/71
f 95/288/72 92/287/72 91/286/72 96/285/72
o hexadecagon
v 0.12432022961228584 6.672334957055047 -0.8901650429449568
v -0.12432022961228681 6.672334957055047 -0.8901650429449568
v 0.12432022961228584 6.628140783230887 -0.8459708691207977
v -0.12432022961228686 6.628140783230887 -0.8459708691207977
v -0.12432022961228678 6.937500000000002 -0.6250000000000018
v 0.12432022961228589 6.937500000000002 -0.6250000000000018
v -0.12432022961228681 6.893305826175842 -0.5808058261758426
v 0.12432022961228589 6.893305826175842 -0.5808058261758425
vt 0.2861328125 0.8203125
vt 0.2919921875 0.8203125
vt 0.2919921875 0.8193359375
vt 0.2861328125 0.8193359375
vt 0.283203125 0.8203125
vt 0.2861328125 0.8203125
vt 0.2861328125 0.8193359375
vt 0.283203125 0.8193359375
vt 0.294921875 0.8203125
vt 0.30078125 0.8203125
vt 0.30078125 0.8193359375
vt 0.294921875 0.8193359375
vt 0.2919921875 0.8203125
vt 0.294921875 0.8203125
vt 0.294921875 0.8193359375
vt 0.2919921875 0.8193359375
vt 0.2919921875 0.8203125
vt 0.2861328125 0.8203125
vt 0.2861328125 0.8232421875
vt 0.2919921875 0.8232421875
vt 0.2978515625 0.8232421875
vt 0.2919921875 0.8232421875
vt 0.2919921875 0.8203125
vt 0.2978515625 0.8203125
vn -1 4.979662653602025e-16 -3.140184917367547e-16
vn -3.925231146709417e-17 -0.7071067811865472 -0.707106781186548
vn 1 -4.979662653602025e-16 3.140184917367547e-16
vn 3.925231146709417e-17 0.7071067811865472 0.707106781186548
vn 5.102800490722271e-16 0.7071067811865478 -0.7071067811865474
vn -5.102800490722271e-16 -0.7071067811865478 0.7071067811865474
usemtl m_0
f 100/292/73 103/291/73 101/290/73 98/289/73
f 99/296/74 100/295/74 98/294/74 97/293/74
f 104/300/75 99/299/75 97/298/75 102/297/75
f 103/304/76 104/303/76 102/302/76 101/301/76
f 102/308/77 97/307/77 98/306/77 101/305/77
f 103/312/78 100/311/78 99/310/78 104/309/78
o hexadecagon
v -0.2257944983897005 6.672334957055049 -0.8699805559143253
v -0.4555083296214909 6.672334957055049 -0.7748299715534331
v -0.20888212026013175 6.62814078323089 -0.8291504632619386
v -0.43859595149192215 6.628140783230889 -0.7339998789010465
v -0.35403406084407874 6.9375000000000036 -0.5298494156391123
v -0.12432022961228834 6.937500000000004 -0.6250000000000044
v -0.33712168271451 6.893305826175845 -0.48901932298672557
v -0.10740785148271959 6.893305826175845 -0.5841699073476178
vt 0.2861328125 0.8427734375
vt 0.2919921875 0.8427734375
vt 0.2919921875 0.841796875
vt 0.2861328125 0.841796875
vt 0.283203125 0.8427734375
vt 0.2861328125 0.8427734375
vt 0.2861328125 0.841796875
vt 0.283203125 0.841796875
vt 0.294921875 0.8427734375
vt 0.30078125 0.8427734375
vt 0.30078125 0.841796875
vt 0.294921875 0.841796875
vt 0.2919921875 0.8427734375
vt 0.294921875 0.8427734375
vt 0.294921875 0.841796875
vt 0.2919921875 0.841796875
vt 0.2919921875 0.8427734375
vt 0.2861328125 0.8427734375
vt 0.2861328125 0.845703125
vt 0.2919921875 0.845703125
vt 0.2978515625 0.845703125
vt 0.2919921875 0.845703125
vt 0.2919921875 0.8427734375
vt 0.2978515625 0.8427734375
vn -0.9238795325112864 -8.049116928532382e-16 0.3826834323650909
vn -0.2705980500730993 -0.7071067811865469 -0.6532814824381886
vn 0.9238795325112864 8.049116928532382e-16 -0.3826834323650909
vn 0.2705980500730993 0.7071067811865469 0.6532814824381886
vn -0.2705980500730994 0.7071067811865482 -0.6532814824381871
vn 0.2705980500730994 -0.7071067811865482 0.6532814824381871
usemtl m_0
f 108/316/79 111/315/79 109/314/79 106/313/79
f 107/320/80 108/319/80 106/318/80 105/317/80
f 112/324/81 107/323/81 105/322/81 110/321/81
f 111/328/82 112/327/82 110/326/82 109/325/82
f 110/332/83 105/331/83 106/330/83 109/329/83
f 111/336/84 108/335/84 107/334/84 112/333/84
o hexadecagon
v -0.5415340608440776 6.672334957055046 -0.7173494156391096
v -0.71734941563911 6.672334957055046 -0.5415340608440768
v -0.5102840608440775 6.628140783230887 -0.6860994156391097
v -0.6860994156391098 6.6281407832308865 -0.510284060844077
v -0.52984941563911 6.937500000000001 -0.3540340608440772
v -0.35403406084407774 6.937500000000001 -0.5298494156391099
v -0.49859941563911 6.893305826175842 -0.32278406084407724
v -0.3227840608440777 6.893305826175842 -0.49859941563911
vt 0.1025390625 0.716796875
vt 0.1083984375 0.716796875
vt 0.1083984375 0.7158203125
vt 0.1025390625 0.7158203125
vt 0.099609375 0.716796875
vt 0.1025390625 0.716796875
vt 0.1025390625 0.7158203125
vt 0.099609375 0.7158203125
vt 0.111328125 0.716796875
vt 0.1171875 0.716796875
vt 0.1171875 0.7158203125
vt 0.111328125 0.7158203125
vt 0.1083984375 0.716796875
vt 0.111328125 0.716796875
vt 0.111328125 0.7158203125
vt 0.1083984375 0.7158203125
vt 0.1083984375 0.716796875
vt 0.1025390625 0.716796875
vt 0.1025390625 0.7197265625
vt 0.1083984375 0.7197265625
vt 0.1142578125 0.7197265625
vt 0.1083984375 0.7197265625
vt 0.1083984375 0.716796875
vt 0.1142578125 0.716796875
vn -0.7071067811865467 -6.383782391594651e-16 0.7071067811865485
vn -0.5000000000000002 -0.7071067811865476 -0.4999999999999997
vn 0.7071067811865467 6.383782391594651e-16 -0.7071067811865485
vn 0.5000000000000002 0.7071067811865476 0.4999999999999997
vn -0.500000000000001 0.7071067811865476 -0.49999999999999917
vn 0.500000000000001 -0.7071067811865476 0.49999999999999917
usemtl m_0
f 116/340/85 119/339/85 117/338/85 114/337/85
f 115/344/86 116/343/86 114/342/86 113/341/86
f 120/348/87 115/347/87 113/346/87 118/345/87
f 119/352/88 120/351/88 118/350/88 117/349/88
f 118/356/89 113/355/89 114/354/89 117/353/89
f 119/360/90 116/359/90 115/358/90 120/357/90
o hexadecagon
v -0.7748299715534308 6.672334957055046 -0.4555083296214901
v -0.869980555914323 6.672334957055046 -0.22579449838969978
v -0.733999878901044 6.628140783230887 -0.4385959514919213
v -0.8291504632619362 6.628140783230887 -0.20888212026013098
v -0.6250000000000022 6.937500000000002 -0.12432022961228778
v -0.52984941563911 6.937500000000002 -0.3540340608440781
v -0.5841699073476153 6.893305826175843 -0.10740785148271903
v -0.4890193229867233 6.893305826175843 -0.3371216827145094
vt 0.2568359375 0.90625
vt 0.2626953125 0.90625
vt 0.2626953125 0.9052734375
vt 0.2568359375 0.9052734375
vt 0.25390625 0.90625
vt 0.2568359375 0.90625
vt 0.2568359375 0.9052734375
vt 0.25390625 0.9052734375
vt 0.265625 0.90625
vt 0.271484375 0.90625
vt 0.271484375 0.9052734375
vt 0.265625 0.9052734375
vt 0.2626953125 0.90625
vt 0.265625 0.90625
vt 0.265625 0.9052734375
vt 0.2626953125 0.9052734375
vt 0.2626953125 0.90625
vt 0.2568359375 0.90625
vt 0.2568359375 0.9091796875
vt 0.2626953125 0.9091796875
vt 0.2685546875 0.9091796875
vt 0.2626953125 0.9091796875
vt 0.2626953125 0.90625
vt 0.2685546875 0.90625
vn -0.38268343236509056 8.88178419700125e-16 0.9238795325112865
vn -0.6532814824381878 -0.707106781186548 -0.2705980500730983
vn 0.38268343236509056 -8.88178419700125e-16 -0.9238795325112865
vn 0.6532814824381878 0.707106781186548 0.2705980500730983
vn -0.6532814824381881 0.7071067811865474 -0.2705980500730998
vn 0.6532814824381881 -0.7071067811865474 0.2705980500730998
usemtl m_0
f 124/364/91 127/363/91 125/362/91 122/361/91
f 123/368/92 124/367/92 122/366/92 121/365/92
f 128/372/93 123/371/93 121/370/93 126/369/93
f 127/376/94 128/375/94 126/374/94 125/373/94
f 126/380/95 121/379/95 122/378/95 125/377/95
f 127/384/96 124/383/96 123/382/96 128/381/96
o hexadecagon
v 0.7748299715534296 6.672334957055045 0.45550832962148785
v 0.8699805559143211 6.672334957055045 0.22579449838969812
v 0.7339998789010429 6.628140783230886 0.43859595149191916
v 0.8291504632619344 6.628140783230886 0.20888212026012942
v 0.6250000000000007 6.9375 0.12432022961228628
v 0.5298494156391091 6.9375 0.354034060844076
v 0.5841699073476139 6.893305826175841 0.10740785148271764
v 0.4890193229867223 6.893305826175841 0.3371216827145074
vt 0.2158203125 0.833984375
vt 0.2216796875 0.833984375
vt 0.2216796875 0.8330078125
vt 0.2158203125 0.8330078125
vt 0.212890625 0.833984375
vt 0.2158203125 0.833984375
vt 0.2158203125 0.8330078125
vt 0.212890625 0.8330078125
vt 0.224609375 0.833984375
vt 0.23046875 0.833984375
vt 0.23046875 0.8330078125
vt 0.224609375 0.8330078125
vt 0.2216796875 0.833984375
vt 0.224609375 0.833984375
vt 0.224609375 0.8330078125
vt 0.2216796875 0.8330078125
vt 0.2216796875 0.833984375
vt 0.2158203125 0.833984375
vt 0.2158203125 0.8369140625
vt 0.2216796875 0.8369140625
vt 0.2275390625 0.8369140625
vt 0.2216796875 0.8369140625
vt 0.2216796875 0.833984375
vt 0.2275390625 0.833984375
vn 0.3826834323650898 2.498001805406602e-16 -0.9238795325112867
vn 0.6532814824381882 -0.7071067811865478 0.2705980500730982
vn -0.3826834323650898 -2.498001805406602e-16 0.9238795325112867
vn -0.6532814824381882 0.7071067811865478 -0.2705980500730982
vn 0.6532814824381885 0.7071067811865474 0.27059805007309884
vn -0.6532814824381885 -0.7071067811865474 -0.27059805007309884
usemtl m_0
f 132/388/97 135/387/97 133/386/97 130/385/97
f 131/392/98 132/391/98 130/390/98 129/389/98
f 136/396/99 131/395/99 129/394/99 134/393/99
f 135/400/100 136/399/100 134/398/100 133/397/100
f 134/404/101 129/403/101 130/402/101 133/401/101
f 135/408/102 132/407/102 131/406/102 136/405/102
o hexadecagon
v 0.5415340608440768 6.672334957055046 0.717349415639109
v 0.7173494156391091 6.672334957055046 0.5415340608440764
v 0.5102840608440773 6.628140783230887 0.6860994156391095
v 0.6860994156391096 6.628140783230887 0.5102840608440768
v 0.5298494156391089 6.937500000000002 0.3540340608440764
v 0.3540340608440766 6.937500000000002 0.5298494156391089
v 0.4985994156391093 6.893305826175843 0.32278406084407685
v 0.322784060844077 6.893305826175843 0.4985994156391095
vt 0.1962890625 0.791015625
vt 0.2021484375 0.791015625
vt 0.2021484375 0.7900390625
vt 0.1962890625 0.7900390625
vt 0.193359375 0.791015625
vt 0.1962890625 0.791015625
vt 0.1962890625 0.7900390625
vt 0.193359375 0.7900390625
vt 0.205078125 0.791015625
vt 0.2109375 0.791015625
vt 0.2109375 0.7900390625
vt 0.205078125 0.7900390625
vt 0.2021484375 0.791015625
vt 0.205078125 0.791015625
vt 0.205078125 0.7900390625
vt 0.2021484375 0.7900390625
vt 0.2021484375 0.791015625
vt 0.1962890625 0.791015625
vt 0.1962890625 0.7939453125
vt 0.2021484375 0.7939453125
vt 0.2080078125 0.7939453125
vt 0.2021484375 0.7939453125
vt 0.2021484375 0.791015625
vt 0.2080078125 0.791015625
vn 0.7071067811865471 -1.942890293094024e-16 -0.7071067811865479
vn 0.5000000000000003 -0.7071067811865475 0.49999999999999983
vn -0.7071067811865471 1.942890293094024e-16 0.7071067811865479
vn -0.5000000000000003 0.7071067811865475 -0.49999999999999983
vn 0.5000000000000003 0.7071067811865477 0.49999999999999944
vn -0.5000000000000003 -0.7071067811865477 -0.49999999999999944
usemtl m_0
f 140/412/103 143/411/103 141/410/103 138/409/103
f 139/416/104 140/415/104 138/414/104 137/413/104
f 144/420/105 139/419/105 137/418/105 142/417/105
f 143/424/106 144/423/106 142/422/106 141/421/106
f 142/428/107 137/427/107 138/426/107 141/425/107
f 143/432/108 140/431/108 139/430/108 144/429/108
o hexadecagon
v 0.2257944983897004 6.672334957055049 0.8699805559143242
v 0.4555083296214902 6.672334957055049 0.7748299715534324
v 0.2088821202601317 6.62814078323089 0.8291504632619375
v 0.4385959514919215 6.628140783230889 0.7339998789010457
v 0.354034060844078 6.9375000000000036 0.5298494156391116
v 0.12432022961228818 6.9375000000000036 0.6250000000000034
v 0.3371216827145093 6.893305826175845 0.4890193229867249
v 0.10740785148271949 6.893305826175845 0.5841699073476168
vt 0.1298828125 0.7919921875
vt 0.1357421875 0.7919921875
vt 0.1357421875 0.791015625
vt 0.1298828125 0.791015625
vt 0.126953125 0.7919921875
vt 0.1298828125 0.7919921875
vt 0.1298828125 0.791015625
vt 0.126953125 0.791015625
vt 0.138671875 0.7919921875
vt 0.14453125 0.7919921875
vt 0.14453125 0.791015625
vt 0.138671875 0.791015625
vt 0.1357421875 0.7919921875
vt 0.138671875 0.7919921875
vt 0.138671875 0.791015625
vt 0.1357421875 0.791015625
vt 0.1357421875 0.7919921875
vt 0.1298828125 0.7919921875
vt 0.1298828125 0.794921875
vt 0.1357421875 0.794921875
vt 0.1416015625 0.794921875
vt 0.1357421875 0.794921875
vt 0.1357421875 0.7919921875
vt 0.1416015625 0.7919921875
vn 0.9238795325112865 -2.4980018054066027e-16 -0.3826834323650907
vn 0.2705980500730992 -0.7071067811865467 0.6532814824381888
vn -0.9238795325112865 2.4980018054066027e-16 0.3826834323650907
vn -0.2705980500730992 0.7071067811865467 -0.6532814824381888
vn 0.270598050073099 0.7071067811865483 0.6532814824381872
vn -0.270598050073099 -0.7071067811865483 -0.6532814824381872
usemtl m_0
f 148/436/109 151/435/109 149/434/109 146/433/109
f 147/440/110 148/439/110 146/438/110 145/437/110
f 152/444/111 147/443/111 145/442/111 150/441/111
f 151/448/112 152/447/112 150/446/112 149/445/112
f 150/452/113 145/451/113 146/450/113 149/449/113
f 151/456/114 148/455/114 147/454/114 152/453/114
o hexadecagon
v -0.12432022961228631 6.672334957055046 0.8901650429449564
v 0.12432022961228624 6.672334957055046 0.8901650429449566
v -0.12432022961228623 6.6281407832308865 0.8459708691207972
v 0.12432022961228635 6.6281407832308865 0.8459708691207974
v 0.12432022961228627 6.937500000000002 0.6250000000000016
v -0.12432022961228631 6.937500000000002 0.6250000000000013
v 0.12432022961228635 6.893305826175843 0.5808058261758423
v -0.12432022961228621 6.893305826175842 0.5808058261758421
vt 0.0029296875 0.7978515625
vt 0.0087890625 0.7978515625
vt 0.0087890625 0.796875
vt 0.0029296875 0.796875
vt 0 0.7978515625
vt 0.0029296875 0.7978515625
vt 0.0029296875 0.796875
vt 0 0.796875
vt 0.01171875 0.7978515625
vt 0.017578125 0.7978515625
vt 0.017578125 0.796875
vt 0.01171875 0.796875
vt 0.0087890625 0.7978515625
vt 0.01171875 0.7978515625
vt 0.01171875 0.796875
vt 0.0087890625 0.796875
vt 0.0087890625 0.7978515625
vt 0.0029296875 0.7978515625
vt 0.0029296875 0.80078125
vt 0.0087890625 0.80078125
vt 0.0146484375 0.80078125
vt 0.0087890625 0.80078125
vt 0.0087890625 0.7978515625
vt 0.0146484375 0.7978515625
vn 1 9.936215703893824e-16 1.0205600981444547e-15
vn 3.925231146709617e-17 -0.7071067811865486 0.7071067811865466
vn -1 -9.936215703893824e-16 -1.0205600981444547e-15
vn -3.925231146709617e-17 0.7071067811865486 -0.7071067811865466
vn -1.2953262784141144e-15 0.7071067811865466 0.7071067811865486
vn 1.2953262784141144e-15 -0.7071067811865466 -0.7071067811865486
usemtl m_0
f 156/460/115 159/459/115 157/458/115 154/457/115
f 155/464/116 156/463/116 154/462/116 153/461/116
f 160/468/117 155/467/117 153/466/117 158/465/117
f 159/472/118 160/471/118 158/470/118 157/469/118
f 158/476/119 153/475/119 154/474/119 157/473/119
f 159/480/120 156/479/120 155/478/120 160/477/120
o hexadecagon
v -0.4555083296214894 6.672334957055045 0.7748299715534297
v -0.2257944983897 6.672334957055046 0.8699805559143213
v -0.4385959514919206 6.6281407832308865 0.7339998789010429
v -0.20888212026013125 6.6281407832308865 0.8291504632619345
v -0.12432022961228813 6.937500000000002 0.6250000000000009
v -0.3540340608440775 6.937500000000001 0.5298494156391093
v -0.10740785148271936 6.893305826175842 0.5841699073476141
v -0.3371216827145087 6.893305826175842 0.48901932298672246
vt 0.1962890625 0.8232421875
vt 0.2021484375 0.8232421875
vt 0.2021484375 0.822265625
vt 0.1962890625 0.822265625
vt 0.193359375 0.8232421875
vt 0.1962890625 0.8232421875
vt 0.1962890625 0.822265625
vt 0.193359375 0.822265625
vt 0.205078125 0.8232421875
vt 0.2109375 0.8232421875
vt 0.2109375 0.822265625
vt 0.205078125 0.822265625
vt 0.2021484375 0.8232421875
vt 0.205078125 0.8232421875
vt 0.205078125 0.822265625
vt 0.2021484375 0.822265625
vt 0.2021484375 0.8232421875
vt 0.1962890625 0.8232421875
vt 0.1962890625 0.826171875
vt 0.2021484375 0.826171875
vt 0.2080078125 0.826171875
vt 0.2021484375 0.826171875
vt 0.2021484375 0.8232421875
vt 0.2080078125 0.8232421875
vn 0.9238795325112865 9.159339953157541e-16 0.3826834323650907
vn -0.27059805007309823 -0.7071067811865483 0.6532814824381874
vn -0.9238795325112865 -9.159339953157541e-16 -0.3826834323650907
vn 0.27059805007309823 0.7071067811865483 -0.6532814824381874
vn -0.27059805007310006 0.7071067811865466 0.6532814824381886
vn 0.27059805007310006 -0.7071067811865466 -0.6532814824381886
usemtl m_0
f 164/484/121 167/483/121 165/482/121 162/481/121
f 163/488/122 164/487/122 162/486/122 161/485/122
f 168/492/123 163/491/123 161/490/123 166/489/123
f 167/496/124 168/495/124 166/494/124 165/493/124
f 166/500/125 161/499/125 162/498/125 165/497/125
f 167/504/126 164/503/126 163/502/126 168/501/126
o hexadecagon
v -0.7173494156391097 6.672334957055045 0.5415340608440751
v -0.5415340608440775 6.672334957055045 0.7173494156391078
v -0.6860994156391096 6.628140783230886 0.5102840608440751
v -0.5102840608440774 6.6281407832308865 0.6860994156391079
v -0.35403406084407757 6.937500000000001 0.5298494156391079
v -0.5298494156391097 6.937500000000001 0.3540340608440751
v -0.3227840608440774 6.893305826175842 0.49859941563910803
v -0.49859941563910964 6.893305826175841 0.3227840608440752
vt 0.1962890625 0.8564453125
vt 0.2021484375 0.8564453125
vt 0.2021484375 0.85546875
vt 0.1962890625 0.85546875
vt 0.193359375 0.8564453125
vt 0.1962890625 0.8564453125
vt 0.1962890625 0.85546875
vt 0.193359375 0.85546875
vt 0.205078125 0.8564453125
vt 0.2109375 0.8564453125
vt 0.2109375 0.85546875
vt 0.205078125 0.85546875
vt 0.2021484375 0.8564453125
vt 0.205078125 0.8564453125
vt 0.205078125 0.85546875
vt 0.2021484375 0.85546875
vt 0.2021484375 0.8564453125
vt 0.1962890625 0.8564453125
vt 0.1962890625 0.859375
vt 0.2021484375 0.859375
vt 0.2080078125 0.859375
vt 0.2021484375 0.859375
vt 0.2021484375 0.8564453125
vt 0.2080078125 0.8564453125
vn 0.7071067811865464 1.387778780781446e-15 0.7071067811865488
vn -0.4999999999999997 -0.707106781186548 0.4999999999999995
vn -0.7071067811865464 -1.387778780781446e-15 -0.7071067811865488
vn 0.4999999999999997 0.707106781186548 -0.4999999999999995
vn -0.500000000000002 0.7071067811865469 0.4999999999999989
vn 0.500000000000002 -0.7071067811865469 -0.4999999999999989
usemtl m_0
f 172/508/127 175/507/127 173/506/127 170/505/127
f 171/512/128 172/511/128 170/510/128 169/509/128
f 176/516/129 171/515/129 169/514/129 174/513/129
f 175/520/130 176/519/130 174/518/130 173/517/130
f 174/524/131 169/523/131 170/522/131 173/521/131
f 175/528/132 172/527/132 171/526/132 176/525/132
o hexadecagon
v -0.8699805559143238 6.672334957055048 0.22579449838969845
v -0.7748299715534324 6.672334957055048 0.4555083296214886
v -0.8291504632619376 6.628140783230889 0.2088821202601301
v -0.7339998789010462 6.628140783230889 0.4385959514919202
v -0.5298494156391117 6.9375000000000036 0.3540340608440768
v -0.6250000000000032 6.9375000000000036 0.12432022961228673
v -0.48901932298672557 6.893305826175845 0.33712168271450843
v -0.584169907347617 6.893305826175845 0.10740785148271831
vt 0.1298828125 0.904296875
vt 0.1357421875 0.904296875
vt 0.1357421875 0.9033203125
vt 0.1298828125 0.9033203125
vt 0.126953125 0.904296875
vt 0.1298828125 0.904296875
vt 0.1298828125 0.9033203125
vt 0.126953125 0.9033203125
vt 0.138671875 0.904296875
vt 0.14453125 0.904296875
vt 0.14453125 0.9033203125
vt 0.138671875 0.9033203125
vt 0.1357421875 0.904296875
vt 0.138671875 0.904296875
vt 0.138671875 0.9033203125
vt 0.1357421875 0.9033203125
vt 0.1357421875 0.904296875
vt 0.1298828125 0.904296875
vt 0.1298828125 0.9072265625
vt 0.1357421875 0.9072265625
vt 0.1416015625 0.9072265625
vt 0.1357421875 0.9072265625
vt 0.1357421875 0.904296875
vt 0.1416015625 0.904296875
vn 0.38268343236508906 1.9428902930940242e-16 0.9238795325112872
vn -0.6532814824381886 -0.7071067811865474 0.2705980500730981
vn -0.38268343236508906 -1.9428902930940242e-16 -0.9238795325112872
vn 0.6532814824381886 0.7071067811865474 -0.2705980500730981
vn -0.6532814824381884 0.7071067811865477 0.2705980500730978
vn 0.6532814824381884 -0.7071067811865477 -0.2705980500730978
usemtl m_0
f 180/532/133 183/531/133 181/530/133 178/529/133
f 179/536/134 180/535/134 178/534/134 177/533/134
f 184/540/135 179/539/135 177/538/135 182/537/135
f 183/544/136 184/543/136 182/542/136 181/541/136
f 182/548/137 177/547/137 178/546/137 181/545/137
f 183/552/138 180/551/138 179/550/138 184/549/138
o hexadecagon
v -0.8901650429449546 6.672334957055043 -0.12432022961228872
v -0.890165042944955 6.672334957055043 0.12432022961228445
v -0.8459708691207952 6.628140783230884 -0.1243202296122885
v -0.8459708691207957 6.628140783230885 0.12432022961228462
v -0.6249999999999997 6.937499999999999 0.12432022961228456
v -0.6249999999999992 6.937499999999999 -0.1243202296122885
v -0.5808058261758404 6.89330582617584 0.12432022961228473
v -0.58080582617584 6.8933058261758395 -0.12432022961228839
vt 0.0029296875 0.904296875
vt 0.0087890625 0.904296875
vt 0.0087890625 0.9033203125
vt 0.0029296875 0.9033203125
vt 0 0.904296875
