# Made in Blockbench 4.0.1
mtllib vein_miner_mk3.mtl

o hexadecagon
v 0.5298492532787038 6.6875 0.3540342232044806
v -0.35403422320448064 6.6875 -0.5298492532787038
v 0.35403422320448064 6.6875 0.5298492532787038
v -0.5298492532787038 6.6875 -0.3540342232044806
v -0.3540342232044807 7 -0.5298492532787038
v 0.5298492532787037 7 0.3540342232044806
v -0.5298492532787038 7 -0.3540342232044806
v 0.3540342232044806 7 0.5298492532787038
vt 0.6071428571428571 0.698051948051948
vt 0.6152597402597403 0.698051948051948
vt 0.6152597402597403 0.6931818181818181
vt 0.6071428571428571 0.6931818181818181
vt 0.5746753246753247 0.698051948051948
vt 0.6071428571428571 0.698051948051948
vt 0.6071428571428571 0.6931818181818181
vt 0.5746753246753247 0.6931818181818181
vt 0.6477272727272727 0.698051948051948
vt 0.6558441558441559 0.698051948051948
vt 0.6558441558441559 0.6931818181818181
vt 0.6477272727272727 0.6931818181818181
vt 0.6152597402597403 0.698051948051948
vt 0.6477272727272727 0.698051948051948
vt 0.6477272727272727 0.6931818181818181
vt 0.6152597402597403 0.6931818181818181
vt 0.6152597402597403 0.698051948051948
vt 0.6071428571428571 0.698051948051948
vt 0.6071428571428571 0.7305194805194806
vt 0.6152597402597403 0.7305194805194806
vt 0.6233766233766234 0.7305194805194806
vt 0.6152597402597403 0.7305194805194806
vt 0.6152597402597403 0.698051948051948
vt 0.6233766233766234 0.698051948051948
vn -0.7071067811865476 -1.5700924586837752e-16 -0.7071067811865475
vn 2.220446049250313e-16 -1 0
vn 0.7071067811865476 1.5700924586837752e-16 0.7071067811865475
vn -2.220446049250313e-16 1 0
vn 0.7071067811865475 1.570092458683775e-16 -0.7071067811865476
vn -0.7071067811865475 -1.570092458683775e-16 0.7071067811865476
usemtl m_0
f 4/4/1 7/3/1 5/2/1 2/1/1
f 3/8/2 4/7/2 2/6/2 1/5/2
f 8/12/3 3/11/3 1/10/3 6/9/3
f 7/16/4 8/15/4 6/14/4 5/13/4
f 6/20/5 1/19/5 2/18/5 5/17/5
f 7/24/6 4/23/6 3/22/6 8/21/6
o hexadecagon
v 0.3540338487099842 6.6875 0.5298495035079263
v -0.1243204417463779 6.6875 -0.6249999121311822
v 0.12432044174637792 6.6875 0.6249999121311822
v -0.3540338487099842 6.6875 -0.5298495035079263
v -0.12432044174637796 7 -0.6249999121311822
v 0.35403384870998417 7 0.5298495035079263
v -0.3540338487099843 7 -0.5298495035079263
v 0.12432044174637785 7 0.6249999121311822
vt 0.6071428571428571 0.7353896103896104
vt 0.6152597402597403 0.7353896103896104
vt 0.6152597402597403 0.7305194805194806
vt 0.6071428571428571 0.7305194805194806
vt 0.5746753246753247 0.7353896103896104
vt 0.6071428571428571 0.7353896103896104
vt 0.6071428571428571 0.7305194805194806
vt 0.5746753246753247 0.7305194805194806
vt 0.6477272727272727 0.7353896103896104
vt 0.6558441558441559 0.7353896103896104
vt 0.6558441558441559 0.7305194805194806
vt 0.6477272727272727 0.7305194805194806
vt 0.6152597402597403 0.7353896103896104
vt 0.6477272727272727 0.7353896103896104
vt 0.6477272727272727 0.7305194805194806
vt 0.6152597402597403 0.7305194805194806
vt 0.6152597402597403 0.7353896103896104
vt 0.6071428571428571 0.7353896103896104
vt 0.6071428571428571 0.7678571428571428
vt 0.6152597402597403 0.7678571428571428
vt 0.6233766233766234 0.7678571428571428
vt 0.6152597402597403 0.7678571428571428
vt 0.6152597402597403 0.7353896103896104
vt 0.6233766233766234 0.7353896103896104
vn -0.3826834323650897 -8.497279155086129e-17 -0.9238795325112867
vn 2.220446049250313e-16 -1 0
vn 0.3826834323650897 8.497279155086129e-17 0.9238795325112867
vn -2.220446049250313e-16 1 0
vn 0.9238795325112867 2.0514246579479128e-16 -0.3826834323650897
vn -0.9238795325112867 -2.0514246579479128e-16 0.3826834323650897
usemtl m_0
f 12/28/7 15/27/7 13/26/7 10/25/7
f 11/32/8 12/31/8 10/30/8 9/29/8
f 16/36/9 11/35/9 9/34/9 14/33/9
f 15/40/10 16/39/10 14/38/10 13/37/10
f 14/44/11 9/43/11 10/42/11 13/41/11
f 15/48/12 12/47/12 11/46/12 16/45/12
o hexadecagon
v 0.12432 6.6875 0.625
v 0.12432 6.6875 -0.625
v -0.12431999999999997 6.6875 0.625
v -0.12431999999999997 6.6875 -0.625
v 0.12431999999999993 7 -0.625
v 0.12431999999999993 7 0.625
v -0.12432000000000004 7 -0.625
v -0.12432000000000004 7 0.625
vt 0.032467532467532464 0.39448051948051943
vt 0.040584415584415584 0.39448051948051943
vt 0.040584415584415584 0.38961038961038963
vt 0.032467532467532464 0.38961038961038963
vt 0 0.39448051948051943
vt 0.032467532467532464 0.39448051948051943
vt 0.032467532467532464 0.38961038961038963
vt 0 0.38961038961038963
vt 0.07305194805194805 0.39448051948051943
vt 0.08116883116883117 0.39448051948051943
vt 0.08116883116883117 0.38961038961038963
vt 0.07305194805194805 0.38961038961038963
vt 0.040584415584415584 0.39448051948051943
vt 0.07305194805194805 0.39448051948051943
vt 0.07305194805194805 0.38961038961038963
vt 0.040584415584415584 0.38961038961038963
vt 0.040584415584415584 0.39448051948051943
vt 0.032467532467532464 0.39448051948051943
vt 0.032467532467532464 0.42694805194805197
vt 0.040584415584415584 0.42694805194805197
vt 0.048701298701298704 0.42694805194805197
vt 0.040584415584415584 0.42694805194805197
vt 0.040584415584415584 0.39448051948051943
vt 0.048701298701298704 0.39448051948051943
vn 0 0 -1
vn 2.220446049250313e-16 -1 0
vn 0 0 1
vn -2.220446049250313e-16 1 0
vn 1 2.220446049250313e-16 0
vn -1 -2.220446049250313e-16 0
usemtl m_0
f 20/52/13 23/51/13 21/50/13 18/49/13
f 19/56/14 20/55/14 18/54/14 17/53/14
f 24/60/15 19/59/15 17/58/15 22/57/15
f 23/64/16 24/63/16 22/62/16 21/61/16
f 22/68/17 17/67/17 18/66/17 21/65/17
f 23/72/18 20/71/18 19/70/18 24/69/18
o hexadecagon
v -0.1243204417463779 6.6875 0.6249999121311822
v 0.3540338487099842 6.6875 -0.5298495035079263
v -0.3540338487099842 6.6875 0.5298495035079263
v 0.12432044174637792 6.6875 -0.6249999121311822
v 0.35403384870998417 7 -0.5298495035079263
v -0.12432044174637796 7 0.6249999121311822
v 0.12432044174637785 7 -0.6249999121311822
v -0.3540338487099843 7 0.5298495035079263
vt 0.45454545454545453 0.698051948051948
vt 0.46266233766233766 0.698051948051948
vt 0.46266233766233766 0.6931818181818181
vt 0.45454545454545453 0.6931818181818181
vt 0.42207792207792205 0.698051948051948
vt 0.45454545454545453 0.698051948051948
vt 0.45454545454545453 0.6931818181818181
vt 0.42207792207792205 0.6931818181818181
vt 0.49512987012987014 0.698051948051948
vt 0.5032467532467533 0.698051948051948
vt 0.5032467532467533 0.6931818181818181
vt 0.49512987012987014 0.6931818181818181
vt 0.46266233766233766 0.698051948051948
vt 0.49512987012987014 0.698051948051948
vt 0.49512987012987014 0.6931818181818181
vt 0.46266233766233766 0.6931818181818181
vt 0.46266233766233766 0.698051948051948
vt 0.45454545454545453 0.698051948051948
vt 0.45454545454545453 0.7305194805194806
vt 0.46266233766233766 0.7305194805194806
vt 0.4707792207792208 0.7305194805194806
vt 0.46266233766233766 0.7305194805194806
vt 0.46266233766233766 0.698051948051948
vt 0.4707792207792208 0.698051948051948
vn 0.3826834323650897 8.497279155086129e-17 -0.9238795325112867
vn 2.220446049250313e-16 -1 0
vn -0.3826834323650897 -8.497279155086129e-17 0.9238795325112867
vn -2.220446049250313e-16 1 0
vn 0.9238795325112867 2.0514246579479128e-16 0.3826834323650897
vn -0.9238795325112867 -2.0514246579479128e-16 -0.3826834323650897
usemtl m_0
f 28/76/19 31/75/19 29/74/19 26/73/19
f 27/80/20 28/79/20 26/78/20 25/77/20
f 32/84/21 27/83/21 25/82/21 30/81/21
f 31/88/22 32/87/22 30/86/22 29/85/22
f 30/92/23 25/91/23 26/90/23 29/89/23
f 31/96/24 28/95/24 27/94/24 32/93/24
o hexadecagon
v -0.35403422320448064 6.6875 0.5298492532787038
v 0.5298492532787038 6.6875 -0.3540342232044806
v -0.5298492532787038 6.6875 0.3540342232044806
v 0.35403422320448064 6.6875 -0.5298492532787038
v 0.5298492532787037 7 -0.3540342232044806
v -0.3540342232044807 7 0.5298492532787038
v 0.3540342232044806 7 -0.5298492532787038
v -0.5298492532787038 7 0.3540342232044806
vt 0.45454545454545453 0.7353896103896104
vt 0.46266233766233766 0.7353896103896104
vt 0.46266233766233766 0.7305194805194806
vt 0.45454545454545453 0.7305194805194806
vt 0.42207792207792205 0.7353896103896104
vt 0.45454545454545453 0.7353896103896104
vt 0.45454545454545453 0.7305194805194806
vt 0.42207792207792205 0.7305194805194806
vt 0.49512987012987014 0.7353896103896104
vt 0.5032467532467533 0.7353896103896104
vt 0.5032467532467533 0.7305194805194806
vt 0.49512987012987014 0.7305194805194806
vt 0.46266233766233766 0.7353896103896104
vt 0.49512987012987014 0.7353896103896104
vt 0.49512987012987014 0.7305194805194806
vt 0.46266233766233766 0.7305194805194806
vt 0.46266233766233766 0.7353896103896104
vt 0.45454545454545453 0.7353896103896104
vt 0.45454545454545453 0.7678571428571428
vt 0.46266233766233766 0.7678571428571428
vt 0.4707792207792208 0.7678571428571428
vt 0.46266233766233766 0.7678571428571428
vt 0.46266233766233766 0.7353896103896104
vt 0.4707792207792208 0.7353896103896104
vn 0.7071067811865476 1.5700924586837752e-16 -0.7071067811865475
vn 2.220446049250313e-16 -1 0
vn -0.7071067811865476 -1.5700924586837752e-16 0.7071067811865475
vn -2.220446049250313e-16 1 0
vn 0.7071067811865475 1.570092458683775e-16 0.7071067811865476
vn -0.7071067811865475 -1.570092458683775e-16 -0.7071067811865476
usemtl m_0
f 36/100/25 39/99/25 37/98/25 34/97/25
f 35/104/26 36/103/26 34/102/26 33/101/26
f 40/108/27 35/107/27 33/106/27 38/105/27
f 39/112/28 40/111/28 38/110/28 37/109/28
f 38/116/29 33/115/29 34/114/29 37/113/29
f 39/120/30 36/119/30 35/118/30 40/117/30
o hexadecagon
v 0.6249999121311822 6.6875 -0.1243204417463779
v 0.5298495035079263 6.6875 -0.3540338487099842
v -0.5298495035079263 6.6875 0.3540338487099842
v -0.6249999121311822 6.6875 0.1243204417463779
v 0.5298495035079263 7 -0.3540338487099842
v 0.6249999121311822 7 -0.1243204417463779
v -0.6249999121311822 7 0.1243204417463779
v -0.5298495035079263 7 0.3540338487099842
vt 0.2224025974025974 0.6038961038961039
vt 0.2305194805194805 0.6038961038961039
vt 0.2305194805194805 0.5714285714285714
vt 0.2224025974025974 0.5714285714285714
vt 0.21753246753246752 0.6038961038961039
vt 0.2224025974025974 0.6038961038961039
vt 0.2224025974025974 0.5714285714285714
vt 0.21753246753246752 0.5714285714285714
vt 0.2353896103896104 0.6038961038961039
vt 0.2435064935064935 0.6038961038961039
vt 0.2435064935064935 0.5714285714285714
vt 0.2353896103896104 0.5714285714285714
vt 0.2305194805194805 0.6038961038961039
vt 0.2353896103896104 0.6038961038961039
vt 0.2353896103896104 0.5714285714285714
vt 0.2305194805194805 0.5714285714285714
vt 0.2305194805194805 0.6038961038961039
vt 0.2224025974025974 0.6038961038961039
vt 0.2224025974025974 0.6087662337662338
vt 0.2305194805194805 0.6087662337662338
vt 0.23863636363636365 0.6087662337662338
vt 0.2305194805194805 0.6087662337662338
vt 0.2305194805194805 0.6038961038961039
vt 0.23863636363636365 0.6038961038961039
vn -0.3826834323650897 -8.497279155086129e-17 -0.9238795325112867
vn 2.220446049250313e-16 -1 0
vn 0.3826834323650897 8.497279155086129e-17 0.9238795325112867
vn -2.220446049250313e-16 1 0
vn 0.9238795325112867 2.0514246579479128e-16 -0.3826834323650897
vn -0.9238795325112867 -2.0514246579479128e-16 0.3826834323650897
usemtl m_0
f 44/124/31 47/123/31 45/122/31 42/121/31
f 43/128/32 44/127/32 42/126/32 41/125/32
f 48/132/33 43/131/33 41/130/33 46/129/33
f 47/136/34 48/135/34 46/134/34 45/133/34
f 46/140/35 41/139/35 42/138/35 45/137/35
f 47/144/36 44/143/36 43/142/36 48/141/36
o hexadecagon
v 0.625 6.6875 0.12432
v 0.625 6.6875 -0.12432
v -0.625 6.6875 0.12432
v -0.625 6.6875 -0.12432
v 0.625 7 -0.12432
v 0.625 7 0.12432
v -0.625 7 -0.12432
v -0.625 7 0.12432
vt 0.3685064935064935 0.7061688311688312
vt 0.37662337662337664 0.7061688311688312
vt 0.37662337662337664 0.6737012987012987
vt 0.3685064935064935 0.6737012987012987
vt 0.36363636363636365 0.7061688311688312
vt 0.3685064935064935 0.7061688311688312
vt 0.3685064935064935 0.6737012987012987
vt 0.36363636363636365 0.6737012987012987
vt 0.3814935064935065 0.7061688311688312
vt 0.38961038961038963 0.7061688311688312
vt 0.38961038961038963 0.6737012987012987
vt 0.3814935064935065 0.6737012987012987
vt 0.37662337662337664 0.7061688311688312
vt 0.3814935064935065 0.7061688311688312
vt 0.3814935064935065 0.6737012987012987
vt 0.37662337662337664 0.6737012987012987
vt 0.37662337662337664 0.7061688311688312
vt 0.3685064935064935 0.7061688311688312
vt 0.3685064935064935 0.711038961038961
vt 0.37662337662337664 0.711038961038961
vt 0.3847402597402597 0.711038961038961
vt 0.37662337662337664 0.711038961038961
vt 0.37662337662337664 0.7061688311688312
vt 0.3847402597402597 0.7061688311688312
vn 0 0 -1
vn 2.220446049250313e-16 -1 0
vn 0 0 1
vn -2.220446049250313e-16 1 0
vn 1 2.220446049250313e-16 0
vn -1 -2.220446049250313e-16 0
usemtl m_0
f 52/148/37 55/147/37 53/146/37 50/145/37
f 51/152/38 52/151/38 50/150/38 49/149/38
f 56/156/39 51/155/39 49/154/39 54/153/39
f 55/160/40 56/159/40 54/158/40 53/157/40
f 54/164/41 49/163/41 50/162/41 53/161/41
f 55/168/42 52/167/42 51/166/42 56/165/42
o hexadecagon
v 0.5298495035079263 6.6875 0.3540338487099842
v 0.6249999121311822 6.6875 0.1243204417463779
v -0.6249999121311822 6.6875 -0.1243204417463779
v -0.5298495035079263 6.6875 -0.3540338487099842
v 0.6249999121311822 7 0.1243204417463779
v 0.5298495035079263 7 0.3540338487099842
v -0.5298495035079263 7 -0.3540338487099842
v -0.6249999121311822 7 -0.1243204417463779
vt 0.3685064935064935 0.7613636363636364
vt 0.37662337662337664 0.7613636363636364
vt 0.37662337662337664 0.7288961038961039
vt 0.3685064935064935 0.7288961038961039
vt 0.36363636363636365 0.7613636363636364
vt 0.3685064935064935 0.7613636363636364
vt 0.3685064935064935 0.7288961038961039
vt 0.36363636363636365 0.7288961038961039
vt 0.3814935064935065 0.7613636363636364
vt 0.38961038961038963 0.7613636363636364
vt 0.38961038961038963 0.7288961038961039
vt 0.3814935064935065 0.7288961038961039
vt 0.37662337662337664 0.7613636363636364
vt 0.3814935064935065 0.7613636363636364
vt 0.3814935064935065 0.7288961038961039
vt 0.37662337662337664 0.7288961038961039
vt 0.37662337662337664 0.7613636363636364
vt 0.3685064935064935 0.7613636363636364
vt 0.3685064935064935 0.7662337662337663
vt 0.37662337662337664 0.7662337662337663
vt 0.3847402597402597 0.7662337662337663
vt 0.37662337662337664 0.7662337662337663
vt 0.37662337662337664 0.7613636363636364
vt 0.3847402597402597 0.7613636363636364
vn 0.3826834323650897 8.497279155086129e-17 -0.9238795325112867
vn 2.220446049250313e-16 -1 0
vn -0.3826834323650897 -8.497279155086129e-17 0.9238795325112867
vn -2.220446049250313e-16 1 0
vn 0.9238795325112867 2.0514246579479128e-16 0.3826834323650897
vn -0.9238795325112867 -2.0514246579479128e-16 -0.3826834323650897
usemtl m_0
f 60/172/43 63/171/43 61/170/43 58/169/43
f 59/176/44 60/175/44 58/174/44 57/173/44
f 64/180/45 59/179/45 57/178/45 62/177/45
f 63/184/46 64/183/46 62/182/46 61/181/46
f 62/188/47 57/187/47 58/186/47 61/185/47
f 63/192/48 60/191/48 59/190/48 64/189/48
o hexadecagon
v 0.7173490201348031 6.672334908724659 -0.5415341072905832
v 0.541533989372223 6.672334906777692 -0.7173491366764495
v 0.6860990206242072 6.628140734727469 -0.510284107045881
v 0.5102839898616272 6.628140732780502 -0.6860991364317475
v 0.35403398790401036 6.937499948684464 -0.5298491366764495
v 0.5298490186665905 6.937499950631431 -0.3540341072905831
v 0.32278398839341454 6.893305774687275 -0.49859913643174736
v 0.49859901915599464 6.893305776634242 -0.322784107045881
vt 0.17045454545454544 0.48376623376623373
vt 0.18019480519480519 0.48376623376623373
vt 0.18019480519480519 0.4821428571428571
vt 0.17045454545454544 0.4821428571428571
vt 0.16558441558441558 0.48376623376623373
vt 0.17045454545454544 0.48376623376623373
vt 0.17045454545454544 0.4821428571428571
vt 0.16558441558441558 0.4821428571428571
vt 0.18506493506493507 0.48376623376623373
vt 0.19480519480519481 0.48376623376623373
vt 0.19480519480519481 0.4821428571428571
vt 0.18506493506493507 0.4821428571428571
vt 0.18019480519480519 0.48376623376623373
vt 0.18506493506493507 0.48376623376623373
vt 0.18506493506493507 0.4821428571428571
vt 0.18019480519480519 0.4821428571428571
vt 0.18019480519480519 0.48376623376623373
vt 0.17045454545454544 0.48376623376623373
vt 0.17045454545454544 0.48863636363636365
vt 0.18019480519480519 0.48863636363636365
vt 0.18993506493506493 0.48863636363636365
vt 0.18019480519480519 0.48863636363636365
vt 0.18019480519480519 0.48376623376623373
vt 0.18993506493506493 0.48376623376623373
vn -0.7071067839550356 -7.830466691727265e-9 -0.7071067784180596
vn 0.5000000039152334 -0.7071067784180594 -0.5000000000000002
vn 0.7071067839550356 7.830466691727265e-9 0.7071067784180596
vn -0.5000000039152334 0.7071067784180594 0.5000000000000002
vn 0.4999999921695334 0.7071067839550356 -0.5000000039152332
vn -0.4999999921695334 -0.7071067839550356 0.5000000039152332
usemtl m_0
f 68/196/49 71/195/49 69/194/49 66/193/49
f 67/200/50 68/199/50 66/198/50 65/197/50
f 72/204/51 67/203/51 65/202/51 70/201/51
f 71/208/52 72/207/52 70/206/52 69/205/52
f 70/212/53 65/211/53 66/210/53 69/209/53
f 71/216/54 68/215/54 67/214/54 72/213/54
o hexadecagon
v 0.45550841444339873 6.672334902108494 -0.7748295832844447
v 0.22579442661532728 6.672334892094573 -0.8699802227805365
v 0.43859603914129 6.628140729049964 -0.7339994886321757
v 0.20888205131321852 6.628140719036042 -0.8291501281282675
v 0.12432015858556728 6.937499939633298 -0.6249996715287895
v 0.35403414641363873 6.937499949647219 -0.5298490320326977
v 0.10740778328345851 6.893305766574768 -0.5841695768765205
v 0.33712177111152997 6.893305776588689 -0.4890189373804287
vt 0.12987012987012986 0.4967532467532467
vt 0.1396103896103896 0.4967532467532467
vt 0.1396103896103896 0.4951298701298701
vt 0.12987012987012986 0.4951298701298701
vt 0.125 0.4967532467532467
vt 0.12987012987012986 0.4967532467532467
vt 0.12987012987012986 0.4951298701298701
vt 0.125 0.4951298701298701
vt 0.1444805194805195 0.4967532467532467
vt 0.15422077922077923 0.4967532467532467
vt 0.15422077922077923 0.4951298701298701
vt 0.1444805194805195 0.4951298701298701
vt 0.1396103896103896 0.4967532467532467
vt 0.1444805194805195 0.4967532467532467
vt 0.1444805194805195 0.4951298701298701
vt 0.1396103896103896 0.4951298701298701
vt 0.1396103896103896 0.4967532467532467
vt 0.12987012987012986 0.4967532467532467
vt 0.12987012987012986 0.5016233766233766
vt 0.1396103896103896 0.5016233766233766
vt 0.14935064935064934 0.5016233766233766
vt 0.1396103896103896 0.5016233766233766
vt 0.1396103896103896 0.4967532467532467
vt 0.14935064935064934 0.4967532467532467
vn -0.9238795463455394 -4.02746789807118e-8 -0.38268339896624604
vn 0.2705980480793601 -0.7071067934366013 -0.6532814700046587
vn 0.9238795463455394 4.02746789807118e-8 0.38268339896624604
vn -0.2705980480793601 0.7071067934366013 0.6532814700046587
vn 0.27059800483374036 0.7071067689364924 -0.6532815144363059
vn -0.27059800483374036 -0.7071067689364924 0.6532815144363059
usemtl m_0
f 76/220/55 79/219/55 77/218/55 74/217/55
f 75/224/56 76/223/56 74/222/56 73/221/56
f 80/228/57 75/227/57 73/226/57 78/225/57
f 79/232/58 80/231/58 78/230/58 77/229/58
f 78/236/59 73/235/59 74/234/59 77/233/59
f 79/240/60 76/239/60 75/238/60 80/237/60
o hexadecagon
v 0.8699804158980777 6.672335351824715 -0.22579483933927258
v 0.7748300000356625 6.672335358610263 -0.45550824330432066
v 0.8291503240996764 6.628141177153518 -0.20888246136141675
v 0.733999908237261 6.628141183939066 -0.43859586532646483
v 0.5298494453931246 6.937500396472992 -0.35403395817605926
v 0.62499986125554 6.937500389687444 -0.12432055421101115
v 0.48901935359472326 6.8933062218017955 -0.33712158019820343
v 0.5841697694571386 6.893306215016247 -0.10740817623315532
vt 0.49837662337662336 0.5373376623376623
vt 0.5081168831168831 0.5373376623376623
vt 0.5081168831168831 0.5357142857142857
vt 0.49837662337662336 0.5357142857142857
vt 0.4935064935064935 0.5373376623376623
vt 0.49837662337662336 0.5373376623376623
vt 0.49837662337662336 0.5357142857142857
vt 0.4935064935064935 0.5357142857142857
vt 0.512987012987013 0.5373376623376623
vt 0.5227272727272727 0.5373376623376623
vt 0.5227272727272727 0.5357142857142857
vt 0.512987012987013 0.5357142857142857
vt 0.5081168831168831 0.5373376623376623
vt 0.512987012987013 0.5373376623376623
vt 0.512987012987013 0.5357142857142857
vt 0.5081168831168831 0.5357142857142857
vt 0.5081168831168831 0.5373376623376623
vt 0.49837662337662336 0.5373376623376623
vt 0.49837662337662336 0.5422077922077921
vt 0.5081168831168831 0.5422077922077921
vt 0.5178571428571429 0.5422077922077921
vt 0.5081168831168831 0.5422077922077921
vt 0.5081168831168831 0.5373376623376623
vt 0.5178571428571429 0.5373376623376623
vn -0.382683461480113 2.7290654291967087e-8 -0.9238795204514483
vn 0.6532814790467675 -0.7071067676339458 -0.27059809367536386
vn 0.382683461480113 -2.7290654291967087e-8 0.9238795204514483
vn -0.6532814790467675 0.7071067676339458 0.27059809367536386
vn 0.6532814687744226 0.7071067947391485 -0.2705980476456934
vn -0.6532814687744226 -0.7071067947391485 0.2705980476456934
usemtl m_0
f 84/244/61 87/243/61 85/242/61 82/241/61
f 83/248/62 84/247/62 82/246/62 81/245/62
f 88/252/63 83/251/63 81/250/63 86/249/63
f 87/256/64 88/255/64 86/254/64 85/253/64
f 86/260/65 81/259/65 82/258/65 85/257/65
f 87/264/66 84/263/66 83/262/66 88/261/66
o hexadecagon
v 0.8901651400265179 6.672335347875738 0.12431999999999999
v 0.8901651400265179 6.672335347875738 -0.12432
v 0.8459709662023587 6.628141174051579 0.12431999999999999
v 0.8459709662023587 6.628141174051579 -0.12432
v 0.6250000970815625 6.937500390820693 -0.12432
v 0.6250000970815625 6.937500390820693 0.12431999999999999
v 0.5808059232574032 6.8933062169965345 -0.12432
v 0.5808059232574032 6.8933062169965345 0.12431999999999999
vt 0.49837662337662336 0.5438311688311688
vt 0.5081168831168831 0.5438311688311688
vt 0.5081168831168831 0.5422077922077921
vt 0.49837662337662336 0.5422077922077921
vt 0.4935064935064935 0.5438311688311688
vt 0.49837662337662336 0.5438311688311688
vt 0.49837662337662336 0.5422077922077921
vt 0.4935064935064935 0.5422077922077921
vt 0.512987012987013 0.5438311688311688
vt 0.5227272727272727 0.5438311688311688
vt 0.5227272727272727 0.5422077922077921
vt 0.512987012987013 0.5422077922077921
vt 0.5081168831168831 0.5438311688311688
vt 0.512987012987013 0.5438311688311688
vt 0.512987012987013 0.5422077922077921
vt 0.5081168831168831 0.5422077922077921
vt 0.5081168831168831 0.5438311688311688
vt 0.49837662337662336 0.5438311688311688
vt 0.49837662337662336 0.5487012987012987
vt 0.5081168831168831 0.5487012987012987
vt 0.5178571428571429 0.5487012987012987
vt 0.5081168831168831 0.5487012987012987
vt 0.5081168831168831 0.5438311688311688
vt 0.5178571428571429 0.5438311688311688
vn 0 0 -1
vn 0.7071067811865477 -0.7071067811865474 0
vn 0 0 1
vn -0.7071067811865477 0.7071067811865474 0
vn 0.7071067811865474 0.7071067811865477 0
vn -0.7071067811865474 -0.7071067811865477 0
usemtl m_0
f 92/268/67 95/267/67 93/266/67 90/265/67
f 91/272/68 92/271/68 90/270/68 89/269/68
f 96/276/69 91/275/69 89/274/69 94/273/69
f 95/280/70 96/279/70 94/278/70 93/277/70
f 94/284/71 89/283/71 90/282/71 93/281/71
f 95/288/72 92/287/72 91/286/72 96/285/72
o hexadecagon
v 0.12432000000000032 6.672334905933999 -0.8901649717398061
v -0.12432062499999966 6.672334905933999 -0.8901649717398061
v 0.12432000000000032 6.6281407321098404 -0.8459707979156469
v -0.12432062499999968 6.6281407321098404 -0.845970797915647
v -0.12432062499999971 6.937499948878955 -0.6249999287948509
v 0.12432000000000026 6.937499948878955 -0.6249999287948509
v -0.12432062499999974 6.893305775054795 -0.5808057549706916
v 0.12432000000000026 6.893305775054796 -0.5808057549706916
vt 0.47564935064935066 0.7012987012987013
vt 0.48538961038961037 0.7012987012987013
vt 0.48538961038961037 0.6996753246753247
vt 0.47564935064935066 0.6996753246753247
vt 0.4707792207792208 0.7012987012987013
vt 0.47564935064935066 0.7012987012987013
vt 0.47564935064935066 0.6996753246753247
vt 0.4707792207792208 0.6996753246753247
vt 0.4902597402597403 0.7012987012987013
vt 0.5 0.7012987012987013
vt 0.5 0.6996753246753247
vt 0.4902597402597403 0.6996753246753247
vt 0.48538961038961037 0.7012987012987013
vt 0.4902597402597403 0.7012987012987013
vt 0.4902597402597403 0.6996753246753247
vt 0.48538961038961037 0.6996753246753247
vt 0.48538961038961037 0.7012987012987013
vt 0.47564935064935066 0.7012987012987013
vt 0.47564935064935066 0.7061688311688312
vt 0.48538961038961037 0.7061688311688312
vt 0.49512987012987014 0.7061688311688312
vt 0.48538961038961037 0.7061688311688312
vt 0.48538961038961037 0.7012987012987013
vt 0.49512987012987014 0.7012987012987013
vn -1 1.3469263877534958e-17 -2.3551386880256634e-16
vn 2.355138688025663e-16 -0.7071067811865476 -0.7071067811865476
vn 1 -1.3469263877534958e-17 2.3551386880256634e-16
vn -2.355138688025663e-16 0.7071067811865476 0.7071067811865476
vn 7.850462293418877e-17 0.7071067811865475 -0.7071067811865476
vn -7.850462293418877e-17 -0.7071067811865475 0.7071067811865476
usemtl m_0
f 100/292/73 103/291/73 101/290/73 98/289/73
f 99/296/74 100/295/74 98/294/74 97/293/74
f 104/300/75 99/299/75 97/298/75 102/297/75
f 103/304/76 104/303/76 102/302/76 101/301/76
f 102/308/77 97/307/77 98/306/77 101/305/77
f 103/312/78 100/311/78 99/310/78 104/309/78
o hexadecagon
v -0.22579465844555074 6.672334891593021 -0.8699806535203533
v -0.45550864627362214 6.672334901606942 -0.7748300140242615
v -0.20888228314344198 6.62814071853449 -0.8291505588680842
v -0.4385962709715134 6.628140728548411 -0.7339999193719925
v -0.35403437824386225 6.937499949145668 -0.5298494627725145
v -0.12432039041579085 6.9374999391317465 -0.6250001022686063
v -0.3371220029417535 6.893305776087137 -0.4890193681202454
v -0.10740801511368209 6.893305766073215 -0.5841700076163371
vt 0.47564935064935066 0.7386363636363636
vt 0.48538961038961037 0.7386363636363636
vt 0.48538961038961037 0.737012987012987
vt 0.47564935064935066 0.737012987012987
vt 0.4707792207792208 0.7386363636363636
vt 0.47564935064935066 0.7386363636363636
vt 0.47564935064935066 0.737012987012987
vt 0.4707792207792208 0.737012987012987
vt 0.4902597402597403 0.7386363636363636
vt 0.5 0.7386363636363636
vt 0.5 0.737012987012987
vt 0.4902597402597403 0.737012987012987
vt 0.48538961038961037 0.7386363636363636
vt 0.4902597402597403 0.7386363636363636
vt 0.4902597402597403 0.737012987012987
vt 0.48538961038961037 0.737012987012987
vt 0.48538961038961037 0.7386363636363636
vt 0.47564935064935066 0.7386363636363636
vt 0.47564935064935066 0.7435064935064934
vt 0.48538961038961037 0.7435064935064934
vt 0.49512987012987014 0.7435064935064934
vt 0.48538961038961037 0.7435064935064934
vt 0.48538961038961037 0.7386363636363636
vt 0.49512987012987014 0.7386363636363636
vn -0.9238795463455394 4.027467873091162e-8 0.3826833989662457
vn -0.2705980480793597 -0.7071067934366017 -0.6532814700046587
vn 0.9238795463455394 -4.027467873091162e-8 -0.3826833989662457
vn 0.2705980480793597 0.7071067934366017 0.6532814700046587
vn -0.2705980048337404 0.7071067689364922 -0.653281514436306
vn 0.2705980048337404 -0.7071067689364922 0.653281514436306
usemtl m_0
f 108/316/79 111/315/79 109/314/79 106/313/79
f 107/320/80 108/319/80 106/318/80 105/317/80
f 112/324/81 107/323/81 105/322/81 110/321/81
f 111/328/82 112/327/82 110/326/82 109/325/82
f 110/332/83 105/331/83 106/330/83 109/329/83
f 111/336/84 108/335/84 107/334/84 112/333/84
o hexadecagon
v -0.5415341078000075 6.672334906904664 -0.7173496431893501
v -0.7173495805043276 6.672334908851635 -0.541534171861747
v -0.5102841082894117 6.6281407329074735 -0.686099642944648
v -0.6860995809937318 6.628140734854446 -0.510284171617045
v -0.5298495790361151 6.937499950758408 -0.354034171861747
v -0.3540341063317951 6.9374999488114355 -0.5298496431893501
v -0.49859957952551925 6.893305776761218 -0.3227841716170449
v -0.3227841068211992 6.893305774814246 -0.498599642944648
vt 0.17045454545454544 0.5292207792207793
vt 0.18019480519480519 0.5292207792207793
vt 0.18019480519480519 0.5275974025974026
vt 0.17045454545454544 0.5275974025974026
vt 0.16558441558441558 0.5292207792207793
vt 0.17045454545454544 0.5292207792207793
vt 0.17045454545454544 0.5275974025974026
vt 0.16558441558441558 0.5275974025974026
vt 0.18506493506493507 0.5292207792207793
vt 0.19480519480519481 0.5292207792207793
vt 0.19480519480519481 0.5275974025974026
vt 0.18506493506493507 0.5275974025974026
vt 0.18019480519480519 0.5292207792207793
vt 0.18506493506493507 0.5292207792207793
vt 0.18506493506493507 0.5275974025974026
vt 0.18019480519480519 0.5275974025974026
vt 0.18019480519480519 0.5292207792207793
vt 0.17045454545454544 0.5292207792207793
vt 0.17045454545454544 0.5340909090909092
vt 0.18019480519480519 0.5340909090909092
vt 0.18993506493506493 0.5340909090909092
vt 0.18019480519480519 0.5340909090909092
vt 0.18019480519480519 0.5292207792207793
vt 0.18993506493506493 0.5292207792207793
vn -0.7071067839550352 7.830466247638052e-9 0.7071067784180598
vn -0.5000000039152331 -0.70710677841806 -0.49999999999999967
vn 0.7071067839550352 -7.830466247638052e-9 -0.7071067784180598
vn 0.5000000039152331 0.70710677841806 0.49999999999999967
vn -0.4999999921695339 0.7071067839550356 -0.5000000039152329
vn 0.4999999921695339 -0.7071067839550356 0.5000000039152329
usemtl m_0
f 116/340/85 119/339/85 117/338/85 114/337/85
f 115/344/86 116/343/86 114/342/86 113/341/86
f 120/348/87 115/347/87 113/346/87 118/345/87
f 119/352/88 120/351/88 118/350/88 117/349/88
f 118/356/89 113/355/89 114/354/89 117/353/89
f 119/360/90 116/359/90 115/358/90 120/357/90
o hexadecagon
v -0.7748301249546343 6.672334905662824 -0.4555080237911077
v -0.8699805408170497 6.672334898877276 -0.22579461982605958
v -0.734000033156233 6.628140730991627 -0.4385956458132519
v -0.8291504490186483 6.628140724206079 -0.20888224184820375
v -0.624999986174512 6.937499936740005 -0.12432033469779818
v -0.5298495703120967 6.9374999435255535 -0.35403373866284626
v -0.5841698943761107 6.893305762068809 -0.1074079567199423
v -0.4890194785136953 6.893305768854357 -0.33712136068499043
vt 0.42694805194805197 0.8441558441558441
vt 0.4366883116883117 0.8441558441558441
vt 0.4366883116883117 0.8425324675324675
vt 0.42694805194805197 0.8425324675324675
vt 0.42207792207792205 0.8441558441558441
vt 0.42694805194805197 0.8441558441558441
vt 0.42694805194805197 0.8425324675324675
vt 0.42207792207792205 0.8425324675324675
vt 0.44155844155844154 0.8441558441558441
vt 0.4512987012987013 0.8441558441558441
vt 0.4512987012987013 0.8425324675324675
vt 0.44155844155844154 0.8425324675324675
vt 0.4366883116883117 0.8441558441558441
vt 0.44155844155844154 0.8441558441558441
vt 0.44155844155844154 0.8425324675324675
vt 0.4366883116883117 0.8425324675324675
vt 0.4366883116883117 0.8441558441558441
vt 0.42694805194805197 0.8441558441558441
vt 0.42694805194805197 0.849025974025974
vt 0.4366883116883117 0.849025974025974
vt 0.44642857142857145 0.849025974025974
vt 0.4366883116883117 0.849025974025974
vt 0.4366883116883117 0.8441558441558441
vt 0.44642857142857145 0.8441558441558441
vn -0.3826834614801132 -2.7290654208700367e-8 0.9238795204514483
vn -0.6532814790467674 -0.707106767633946 -0.2705980936753639
vn 0.3826834614801132 2.7290654208700367e-8 -0.9238795204514483
vn 0.6532814790467674 0.707106767633946 0.2705980936753639
vn -0.6532814687744227 0.7071067947391483 -0.27059804764569356
vn 0.6532814687744227 -0.7071067947391483 0.27059804764569356
usemtl m_0
f 124/364/91 127/363/91 125/362/91 122/361/91
f 123/368/92 124/367/92 122/366/92 121/365/92
f 128/372/93 123/371/93 121/370/93 126/369/93
f 127/376/94 128/375/94 126/374/94 125/373/94
f 126/380/95 121/379/95 122/378/95 125/377/95
f 127/384/96 124/383/96 123/382/96 128/381/96
o hexadecagon
v 0.7748301708671275 6.672335353954076 0.45550817318885456
v 0.8699805867295427 6.672335347168528 0.22579476922380642
v 0.734000079068726 6.6281411792828795 0.43859579521099873
v 0.8291504949311412 6.628141172497331 0.2088823912459506
v 0.6250000320870048 6.9375003850312575 0.12432048409554497
v 0.5298496162245896 6.937500391816806 0.3540338880605931
v 0.5841699402886036 6.893306210360061 0.10740810611768914
v 0.48901952442618823 6.893306217145609 0.3371215100827373
vt 0.3587662337662338 0.724025974025974
vt 0.3685064935064935 0.724025974025974
vt 0.3685064935064935 0.7224025974025974
vt 0.3587662337662338 0.7224025974025974
vt 0.3538961038961039 0.724025974025974
vt 0.3587662337662338 0.724025974025974
vt 0.3587662337662338 0.7224025974025974
vt 0.3538961038961039 0.7224025974025974
vt 0.37337662337662336 0.724025974025974
vt 0.38311688311688313 0.724025974025974
vt 0.38311688311688313 0.7224025974025974
vt 0.37337662337662336 0.7224025974025974
vt 0.3685064935064935 0.724025974025974
vt 0.37337662337662336 0.724025974025974
vt 0.37337662337662336 0.7224025974025974
vt 0.3685064935064935 0.7224025974025974
vt 0.3685064935064935 0.724025974025974
vt 0.3587662337662338 0.724025974025974
vt 0.3587662337662338 0.7288961038961039
vt 0.3685064935064935 0.7288961038961039
vt 0.3782467532467532 0.7288961038961039
vt 0.3685064935064935 0.7288961038961039
vt 0.3685064935064935 0.724025974025974
vt 0.3782467532467532 0.724025974025974
vn 0.382683461480113 -2.7290654291967087e-8 -0.9238795204514483
vn 0.6532814790467675 -0.7071067676339458 0.27059809367536386
vn -0.382683461480113 2.7290654291967087e-8 0.9238795204514483
vn -0.6532814790467675 0.7071067676339458 -0.27059809367536386
vn 0.6532814687744226 0.7071067947391485 0.2705980476456934
vn -0.6532814687744226 -0.7071067947391485 -0.2705980476456934
usemtl m_0
f 132/388/97 135/387/97 133/386/97 130/385/97
f 131/392/98 132/391/98 130/390/98 129/389/98
f 136/396/99 131/395/99 129/394/99 134/393/99
f 135/400/100 136/399/100 134/398/100 133/397/100
f 134/404/101 129/403/101 130/402/101 133/401/101
f 135/408/102 132/407/102 131/406/102 136/405/102
o hexadecagon
v 0.5415340507642469 6.672334910488858 0.7173497016747507
v 0.717349523468567 6.67233491243583 0.5415342303471478
v 0.5102840512536511 6.628140736491669 0.6860997014300485
v 0.6860995239579711 6.62814073843864 0.5102842301024457
v 0.5298495220003543 6.937499954342602 0.35403423034714776
v 0.3540340492960343 6.937499952395631 0.5298497016747505
v 0.4985995224897586 6.893305780345413 0.32278423010244567
v 0.3227840497854385 6.893305778398441 0.4985997014300485
vt 0.3262987012987013 0.6525974025974026
vt 0.336038961038961 0.6525974025974026
vt 0.336038961038961 0.650974025974026
vt 0.3262987012987013 0.650974025974026
vt 0.32142857142857145 0.6525974025974026
vt 0.3262987012987013 0.6525974025974026
vt 0.3262987012987013 0.650974025974026
vt 0.32142857142857145 0.650974025974026
vt 0.3409090909090909 0.6525974025974026
vt 0.35064935064935066 0.6525974025974026
vt 0.35064935064935066 0.650974025974026
vt 0.3409090909090909 0.650974025974026
vt 0.336038961038961 0.6525974025974026
vt 0.3409090909090909 0.6525974025974026
vt 0.3409090909090909 0.650974025974026
vt 0.336038961038961 0.650974025974026
vt 0.336038961038961 0.6525974025974026
vt 0.3262987012987013 0.6525974025974026
vt 0.3262987012987013 0.6574675324675325
vt 0.336038961038961 0.6574675324675325
vt 0.3457792207792208 0.6574675324675325
vt 0.336038961038961 0.6574675324675325
vt 0.336038961038961 0.6525974025974026
vt 0.3457792207792208 0.6525974025974026
vn 0.7071067839550356 7.830466691727265e-9 -0.7071067784180596
vn 0.5000000039152334 -0.7071067784180594 0.5000000000000002
vn -0.7071067839550356 -7.830466691727265e-9 0.7071067784180596
vn -0.5000000039152334 0.7071067784180594 -0.5000000000000002
vn 0.4999999921695334 0.7071067839550356 0.5000000039152332
vn -0.4999999921695334 -0.7071067839550356 -0.5000000039152332
usemtl m_0
f 140/412/103 143/411/103 141/410/103 138/409/103
f 139/416/104 140/415/104 138/414/104 137/413/104
f 144/420/105 139/419/105 137/418/105 142/417/105
f 143/424/106 144/423/106 142/422/106 141/421/106
f 142/428/107 137/427/107 138/426/107 141/425/107
f 143/432/108 140/431/108 139/430/108 144/429/108
o hexadecagon
v 0.22579480692446116 6.672334902838088 0.8699807045158661
v 0.455508217327816 6.672334912851984 0.7748303041968987
v 0.2088824316223524 6.628140729779557 0.829150609863597
v 0.4385958420257072 6.628140739793453 0.7340002095446296
v 0.354033949298056 6.93749996039071 0.5298497529451517
v 0.12432053889470113 6.9374999503768136 0.6250001532641191
v 0.3371215739959472 6.893305787332179 0.48901965829288263
v 0.10740816359259234 6.893305777318282 0.58417005861185
vt 0.2159090909090909 0.6542207792207793
vt 0.22564935064935066 0.6542207792207793
vt 0.22564935064935066 0.6525974025974026
vt 0.2159090909090909 0.6525974025974026
vt 0.21103896103896103 0.6542207792207793
vt 0.2159090909090909 0.6542207792207793
vt 0.2159090909090909 0.6525974025974026
vt 0.21103896103896103 0.6525974025974026
vt 0.2305194805194805 0.6542207792207793
vt 0.24025974025974026 0.6542207792207793
vt 0.24025974025974026 0.6525974025974026
vt 0.2305194805194805 0.6525974025974026
vt 0.22564935064935066 0.6542207792207793
vt 0.2305194805194805 0.6542207792207793
vt 0.2305194805194805 0.6525974025974026
vt 0.22564935064935066 0.6525974025974026
vt 0.22564935064935066 0.6542207792207793
vt 0.2159090909090909 0.6542207792207793
vt 0.2159090909090909 0.6590909090909092
vt 0.22564935064935066 0.6590909090909092
vt 0.2353896103896104 0.6590909090909092
vt 0.22564935064935066 0.6590909090909092
vt 0.22564935064935066 0.6542207792207793
vt 0.2353896103896104 0.6542207792207793
vn 0.9238795463455394 4.02746789807118e-8 -0.38268339896624604
vn 0.2705980480793601 -0.7071067934366013 0.6532814700046587
vn -0.9238795463455394 -4.02746789807118e-8 0.38268339896624604
vn -0.2705980480793601 0.7071067934366013 -0.6532814700046587
vn 0.27059800483374036 0.7071067689364924 0.6532815144363059
vn -0.27059800483374036 -0.7071067689364924 -0.6532815144363059
usemtl m_0
f 148/436/109 151/435/109 149/434/109 146/433/109
f 147/440/110 148/439/110 146/438/110 145/437/110
f 152/444/111 147/443/111 145/442/111 150/441/111
f 151/448/112 152/447/112 150/446/112 149/445/112
f 150/452/113 145/451/113 146/450/113 149/449/113
f 151/456/114 148/455/114 147/454/114 152/453/114
o hexadecagon
v -0.12431999999999958 6.6723353478757375 0.8901651607209897
v 0.12432000000000043 6.6723353478757375 0.8901651607209896
v -0.1243199999999996 6.628141174051578 0.8459709868968304
v 0.1243200000000004 6.628141174051578 0.8459709868968304
v 0.12432000000000035 6.937500390820693 0.6250001177760343
v -0.12431999999999964 6.937500390820693 0.6250001177760344
v 0.12432000000000035 6.893306216996534 0.5808059439518751
v -0.12431999999999965 6.893306216996534 0.5808059439518751
vt 0.00487012987012987 0.663961038961039
vt 0.01461038961038961 0.663961038961039
vt 0.01461038961038961 0.6623376623376623
vt 0.00487012987012987 0.6623376623376623
vt 0 0.663961038961039
vt 0.00487012987012987 0.663961038961039
vt 0.00487012987012987 0.6623376623376623
vt 0 0.6623376623376623
vt 0.01948051948051948 0.663961038961039
vt 0.02922077922077922 0.663961038961039
vt 0.02922077922077922 0.6623376623376623
vt 0.01948051948051948 0.6623376623376623
vt 0.01461038961038961 0.663961038961039
vt 0.01948051948051948 0.663961038961039
vt 0.01948051948051948 0.6623376623376623
vt 0.01461038961038961 0.6623376623376623
vt 0.01461038961038961 0.663961038961039
vt 0.00487012987012987 0.663961038961039
vt 0.00487012987012987 0.6688311688311688
vt 0.01461038961038961 0.6688311688311688
vt 0.024350649350649352 0.6688311688311688
vt 0.01461038961038961 0.6688311688311688
vt 0.01461038961038961 0.663961038961039
vt 0.024350649350649352 0.663961038961039
vn 1 -1.3469263877534958e-17 -2.3551386880256634e-16
vn 2.355138688025663e-16 -0.7071067811865476 0.7071067811865476
vn -1 1.3469263877534958e-17 2.3551386880256634e-16
vn -2.355138688025663e-16 0.7071067811865476 -0.7071067811865476
vn 7.850462293418877e-17 0.7071067811865475 0.7071067811865476
vn -7.850462293418877e-17 -0.7071067811865475 -0.7071067811865476
usemtl m_0
f 156/460/115 159/459/115 157/458/115 154/457/115
f 155/464/116 156/463/116 154/462/116 153/461/116
